135
S10_R_assembled_to_Uvaria_afzelii_with_annotations__incl_from_Dogma__Copy_consensus                                    0.00000000 0.00579877 0.00694306 0.00420967 0.00767269 0.00603824 0.00512957 0.00541039 0.00468311 0.00418172 0.00420011 0.00471666 0.00469728 0.00433253 0.00421281 0.00465070 0.00528617 0.00396572 0.00484773 0.00385948 0.00431785 0.00637711 0.00539537 0.00461886 0.00471118 0.00359559 0.00730686 0.00444395 0.00399511 0.00482751 0.00725488 0.00516716 0.00746229 0.00815428 0.00634442 0.00629079 0.00364992 0.00468144 0.00440548 0.00525513 0.00429572 0.00680978 0.00549868 0.00450403 0.00640400 0.00522375 0.00708036 0.00509969 0.00739321 0.00465101 0.00432021 0.00411142 0.05804368 0.00385877 0.01084693 0.00449409 0.00401872 0.00410353 0.00659805 0.00728897 0.00359994 0.00530893 0.00400778 0.00773261 0.00513148 0.00481644 0.00416686 0.00634397 0.00679108 0.00631563 0.00487950 0.00429178 0.08143936 0.00890069 0.00797811 0.00551757 0.00577975 0.00509419 0.00828792 0.06178101 0.00936251 0.01038600 0.05851225 0.00382284 0.00634865 0.04621592 0.05815524 0.05799848 0.05818125 0.05820288 0.05801423 0.08592835 0.08000468 0.07542501 0.07928265 0.09852968 0.05838576 0.06130454 0.04721141 0.07510826 0.09116810 0.06441541 0.06471856 0.06251201 0.06478738 0.08267842 0.06217116 0.06169039 0.06094254 0.06367539 0.06713615 0.06497976 0.06387316 0.09419909 0.07920839 0.06076228 0.05660491 0.05964915 0.06488770 0.06584489 0.04867555 0.04843015 0.07542501 0.07229110 0.07481059 0.05741818 0.06317491 0.05943340 0.06091592 0.06138737 0.05909201 0.05943955 0.06492225 0.06155572 0.08006310 
S11_R_assembled_to_Uvaria_afzelii_with_annotations__incl_from_Dogma__Copy_consensus                                    0.00579877 0.00000000 0.00662932 0.00556854 0.00766941 0.00583705 0.00457777 0.00582782 0.00559503 0.00607031 0.00472273 0.00480919 0.00475452 0.00450149 0.00472130 0.00548443 0.00523649 0.00530434 0.00655401 0.00525960 0.00511399 0.00681501 0.00559993 0.00525055 0.00593843 0.00525901 0.00790814 0.00462227 0.00592532 0.00575153 0.00655310 0.00555902 0.00729239 0.00939199 0.00696559 0.00796422 0.00517018 0.00502581 0.00482898 0.00572931 0.00477590 0.00665399 0.00461424 0.00611136 0.00679724 0.00498553 0.00788161 0.00477134 0.00733892 0.00607261 0.00489474 0.00467329 0.05823536 0.00453020 0.01034225 0.00472690 0.00512197 0.00449287 0.00614359 0.00723442 0.00445286 0.00498422 0.00419637 0.00805323 0.00440498 0.00445208 0.00525501 0.00675937 0.00639760 0.00695338 0.00480591 0.00532865 0.08043266 0.00758711 0.00755144 0.00603030 0.00596754 0.00543811 0.00829612 0.06060841 0.00890979 0.01015997 0.05699923 0.00459828 0.00579957 0.04462613 0.05668132 0.05654030 0.05669470 0.05672039 0.05676177 0.08358137 0.07830978 0.07326285 0.07806321 0.09411543 0.05698432 0.05970189 0.04686489 0.07310554 0.08947142 0.06240730 0.06259681 0.06122706 0.06267676 0.08041807 0.06065035 0.06011591 0.05936030 0.06172929 0.06562005 0.06320423 0.06237707 0.09231035 0.07751053 0.05904130 0.05517575 0.05829884 0.06375398 0.06487483 0.04803882 0.04668178 0.07326285 0.07056509 0.07342528 0.05600708 0.06105880 0.05721244 0.05973649 0.05944068 0.05822246 0.05866060 0.06367362 0.06003638 0.07843433 
S12_R_assembled_to_Uvaria_afzelii_with_annotations__incl_from_Dogma__Copy_consensus_2                                  0.00694306 0.00662932 0.00000000 0.00711904 0.00273949 0.00665476 0.00679799 0.00763962 0.00693888 0.00816359 0.00712702 0.00675351 0.00629358 0.00660401 0.00662791 0.00712419 0.00715584 0.00638679 0.00743177 0.00672829 0.00684096 0.00288414 0.00776795 0.00697580 0.00679500 0.00571242 0.00326337 0.00681440 0.00668985 0.00650925 0.00221042 0.00655695 0.00285636 0.00646784 0.00263721 0.00908608 0.00612472 0.00736990 0.00692294 0.00673359 0.00629591 0.00274890 0.00655585 0.00761411 0.00234749 0.00704463 0.00306341 0.00620223 0.00276122 0.00727391 0.00637334 0.00631480 0.05757376 0.00618276 0.01025323 0.00596160 0.00627722 0.00614716 0.00342748 0.00433063 0.00584841 0.00726748 0.00577141 0.00388538 0.00644717 0.00664687 0.00651716 0.00395354 0.00406567 0.00397126 0.00657848 0.00641832 0.08012873 0.00557884 0.00486850 0.00682571 0.00809584 0.00707903 0.00918418 0.06023613 0.01080580 0.01001531 0.05678505 0.00593936 0.00718117 0.04379506 0.05620805 0.05603886 0.05606616 0.05591694 0.05618035 0.08301072 0.07779481 0.07349700 0.07725789 0.09544308 0.05625804 0.05937892 0.04675317 0.07333078 0.08757707 0.06248045 0.06252709 0.06032359 0.06276061 0.08016114 0.06041298 0.06015349 0.05886477 0.06221433 0.06524064 0.06307512 0.06227453 0.09312120 0.07693290 0.05860533 0.05469247 0.05837873 0.06344334 0.06382758 0.04784817 0.04604204 0.07349700 0.07051731 0.07306038 0.05569368 0.06103908 0.05739182 0.05882404 0.05900995 0.05832599 0.05875735 0.06278784 0.05895516 0.07748399 
S13_R_assembled_to_Uvaria_afzelii_with_annotations__incl_from_Dogma__Copy_consensus                                    0.00420967 0.00556854 0.00711904 0.00000000 0.00824477 0.00580179 0.00378085 0.00438564 0.00481923 0.00418935 0.00359488 0.00392796 0.00503470 0.00330717 0.00350897 0.00398238 0.00404369 0.00371666 0.00510072 0.00343599 0.00443713 0.00636100 0.00451790 0.00316002 0.00395922 0.00393160 0.00760368 0.00377780 0.00375358 0.00387065 0.00756836 0.00445005 0.00730711 0.00777939 0.00680625 0.00586994 0.00411392 0.00467838 0.00380329 0.00380426 0.00365697 0.00752044 0.00505673 0.00386999 0.00689416 0.00460287 0.00715906 0.00473143 0.00756529 0.00350243 0.00395556 0.00298738 0.05782805 0.00314388 0.01088327 0.00335768 0.00367499 0.00405444 0.00599809 0.00777844 0.00394330 0.00434636 0.00430991 0.00816008 0.00532488 0.00457150 0.00415992 0.00666352 0.00735509 0.00694720 0.00368658 0.00415248 0.08083945 0.00830893 0.00784598 0.00430252 0.00495098 0.00384591 0.00706562 0.06147902 0.00844441 0.01046687 0.05789421 0.00317199 0.00654033 0.04519566 0.05733749 0.05706022 0.05738705 0.05723224 0.05717077 0.08457577 0.07912352 0.07470783 0.07836219 0.09674274 0.05753058 0.06031222 0.04631402 0.07402943 0.09035592 0.06384982 0.06389706 0.06170315 0.06396521 0.08175053 0.06156785 0.06115025 0.06013966 0.06297729 0.06698461 0.06404686 0.06345700 0.09327085 0.07808732 0.06012255 0.05597795 0.05925639 0.06452266 0.06556104 0.04812127 0.04748854 0.07470783 0.07151645 0.07403879 0.05656205 0.06248478 0.05850772 0.05964116 0.06029309 0.05826430 0.05864584 0.06416339 0.06012031 0.07908880 
S14_R_assembled_to_Uvaria_afzelii_with_annotations__incl_from_Dogma__Copy_consensus                                    0.00767269 0.00766941 0.00273949 0.00824477 0.00000000 0.00791716 0.00788594 0.00873298 0.00727311 0.00869328 0.00736768 0.00727233 0.00681818 0.00729185 0.00721021 0.00757776 0.00762695 0.00723424 0.00885620 0.00745580 0.00703253 0.00258149 0.00858150 0.00807994 0.00758990 0.00678914 0.00287557 0.00776873 0.00749668 0.00753373 0.00307251 0.00670060 0.00233544 0.00745493 0.00300891 0.01011843 0.00709765 0.00809431 0.00708866 0.00798548 0.00699571 0.00223653 0.00709803 0.00776214 0.00237563 0.00768264 0.00378526 0.00748133 0.00237932 0.00840784 0.00719141 0.00718885 0.05961798 0.00708735 0.01082166 0.00665066 0.00660751 0.00620404 0.00429960 0.00483174 0.00588769 0.00801229 0.00625751 0.00401890 0.00703205 0.00747464 0.00689175 0.00412011 0.00418594 0.00388158 0.00763980 0.00700467 0.08164624 0.00680984 0.00607819 0.00790303 0.00849614 0.00784011 0.01069068 0.06214534 0.01113510 0.01030545 0.05879284 0.00650298 0.00747319 0.04583513 0.05805478 0.05790287 0.05811697 0.05796453 0.05810249 0.08638488 0.08032100 0.07630443 0.07936970 0.09720852 0.05829385 0.06140686 0.04844132 0.07584175 0.09124374 0.06463153 0.06470778 0.06249183 0.06532270 0.08230727 0.06220677 0.06211358 0.06138644 0.06405386 0.06678514 0.06564461 0.06372864 0.09480582 0.07941988 0.06054696 0.05646803 0.06000456 0.06569997 0.06598586 0.04963794 0.04832160 0.07630443 0.07268692 0.07485010 0.05706147 0.06338668 0.05983933 0.06111058 0.06132178 0.06049330 0.06091820 0.06448004 0.06183872 0.07974885 
S15_R_assembled_to_Uvaria_afzelii_with_annotations__incl_from_Dogma__Copy_consensus                                    0.00603824 0.00583705 0.00665476 0.00580179 0.00791716 0.00000000 0.00558454 0.00655688 0.00574577 0.00623159 0.00480180 0.00517168 0.00409158 0.00486938 0.00553071 0.00558055 0.00480481 0.00555075 0.00517572 0.00558072 0.00518139 0.00673567 0.00611133 0.00542035 0.00557601 0.00494819 0.00802543 0.00566258 0.00609462 0.00568885 0.00709840 0.00540318 0.00701593 0.00911107 0.00688786 0.00787351 0.00449790 0.00539709 0.00527407 0.00567253 0.00542958 0.00724187 0.00500549 0.00562291 0.00734474 0.00576328 0.00800916 0.00542419 0.00747669 0.00596405 0.00504029 0.00513686 0.05939424 0.00503870 0.00984438 0.00432854 0.00491464 0.00414423 0.00657833 0.00746994 0.00406060 0.00563988 0.00411009 0.00787942 0.00585997 0.00611873 0.00484221 0.00628659 0.00672323 0.00705737 0.00564651 0.00556344 0.08145806 0.00859482 0.00861224 0.00635052 0.00599347 0.00541368 0.00874175 0.06200580 0.00935352 0.01011512 0.05808400 0.00463029 0.00649041 0.04596754 0.05832355 0.05804641 0.05817019 0.05821454 0.05818387 0.08528907 0.07937271 0.07471294 0.07906660 0.09675059 0.05865804 0.06122253 0.04831544 0.07410100 0.09134943 0.06381615 0.06417997 0.06264777 0.06501505 0.08185432 0.06231188 0.06189283 0.06106708 0.06328502 0.06685823 0.06544224 0.06378585 0.09358966 0.07938446 0.06055113 0.05655500 0.05950971 0.06546418 0.06578629 0.04972154 0.04838462 0.07471294 0.07243771 0.07452394 0.05725312 0.06258646 0.05911917 0.06114781 0.06118043 0.05962111 0.06007353 0.06479055 0.06182619 0.07952393 
S16_R_assembled_to_Uvaria_afzelii_with_annotations__incl_from_Dogma__Copy_consensus                                    0.00512957 0.00457777 0.00679799 0.00378085 0.00788594 0.00558454 0.00000000 0.00443215 0.00444632 0.00411108 0.00373208 0.00294111 0.00480685 0.00348310 0.00351039 0.00370304 0.00366546 0.00312250 0.00560501 0.00318999 0.00424260 0.00704786 0.00462599 0.00370815 0.00353247 0.00397093 0.00768213 0.00374380 0.00431392 0.00340504 0.00720185 0.00390811 0.00706944 0.00870571 0.00709772 0.00574289 0.00452588 0.00487115 0.00311938 0.00371516 0.00355270 0.00696699 0.00458260 0.00367627 0.00676070 0.00368641 0.00754973 0.00418903 0.00792224 0.00389644 0.00342526 0.00300796 0.05754816 0.00327942 0.01058573 0.00317160 0.00334908 0.00362499 0.00579867 0.00716078 0.00371924 0.00355244 0.00376747 0.00821794 0.00474482 0.00488325 0.00423838 0.00685355 0.00700061 0.00663259 0.00424764 0.00396443 0.08011122 0.00781364 0.00725191 0.00380727 0.00512008 0.00411936 0.00627331 0.06017279 0.00735207 0.00998985 0.05655340 0.00297946 0.00627484 0.04409654 0.05605358 0.05600668 0.05608497 0.05615983 0.05607111 0.08330720 0.07817165 0.07275626 0.07730174 0.09503645 0.05642417 0.05920699 0.04594439 0.07281658 0.08919779 0.06258581 0.06282712 0.06068228 0.06255321 0.08009019 0.06046567 0.05997546 0.05921085 0.06171373 0.06571437 0.06267319 0.06201087 0.09245246 0.07687709 0.05888256 0.05495805 0.05798529 0.06337184 0.06440943 0.04761760 0.04640537 0.07275626 0.06999947 0.07266351 0.05543039 0.06116914 0.05703129 0.05852650 0.05869950 0.05757822 0.05805731 0.06307007 0.05908699 0.07774697 
S17_R_assembled_to_Uvaria_afzelii_with_annotations__incl_from_Dogma__Copy_consensus                                    0.00541039 0.00582782 0.00763962 0.00438564 0.00873298 0.00655688 0.00443215 0.00000000 0.00500299 0.00407311 0.00421689 0.00433975 0.00540919 0.00336124 0.00375853 0.00394037 0.00415818 0.00372345 0.00601815 0.00337136 0.00457959 0.00707025 0.00483622 0.00369377 0.00408676 0.00445145 0.00862200 0.00436321 0.00471035 0.00490075 0.00772737 0.00474083 0.00799117 0.00901936 0.00757611 0.00497903 0.00527445 0.00532509 0.00425899 0.00424034 0.00404269 0.00813643 0.00512758 0.00405964 0.00796652 0.00408491 0.00794950 0.00566455 0.00771895 0.00440740 0.00418430 0.00396422 0.05802639 0.00375047 0.01105206 0.00408060 0.00351039 0.00389316 0.00691622 0.00834194 0.00454334 0.00430083 0.00480857 0.00875747 0.00586184 0.00537126 0.00401998 0.00699016 0.00759633 0.00756773 0.00507164 0.00469292 0.08083208 0.00841661 0.00852070 0.00530664 0.00504997 0.00414783 0.00628038 0.06109778 0.00818520 0.01068876 0.05698244 0.00386921 0.00722079 0.04499037 0.05640673 0.05629941 0.05638035 0.05634870 0.05632342 0.08370934 0.07889297 0.07270296 0.07779965 0.09648109 0.05681373 0.05962873 0.04620254 0.07234227 0.09006060 0.06279211 0.06298921 0.06125802 0.06308857 0.08023233 0.06119405 0.06047878 0.06012146 0.06197406 0.06600280 0.06384081 0.06261497 0.09245106 0.07785469 0.05937237 0.05539512 0.05889371 0.06421904 0.06463513 0.04811536 0.04702015 0.07270296 0.07093909 0.07359636 0.05560704 0.06156800 0.05715921 0.05902333 0.05945703 0.05750338 0.05753647 0.06401511 0.05964659 0.07847949 
S18_R_assembled_to_Uvaria_afzelii_with_annotations__incl_from_Dogma__Copy_consensus                                    0.00468311 0.00559503 0.00693888 0.00481923 0.00727311 0.00574577 0.00444632 0.00500299 0.00000000 0.00562889 0.00450630 0.00399588 0.00462126 0.00401800 0.00393007 0.00419404 0.00442657 0.00409165 0.00679245 0.00388370 0.00355137 0.00679264 0.00505527 0.00464851 0.00437932 0.00407317 0.00765156 0.00429402 0.00410845 0.00419699 0.00713316 0.00352428 0.00696527 0.00926169 0.00634715 0.00725192 0.00497570 0.00578680 0.00373065 0.00450273 0.00348026 0.00653179 0.00508040 0.00477715 0.00699515 0.00424983 0.00802807 0.00511480 0.00731907 0.00494641 0.00378281 0.00385278 0.05868372 0.00414704 0.01050232 0.00343805 0.00351614 0.00346289 0.00643415 0.00700811 0.00309647 0.00453089 0.00380376 0.00774393 0.00516042 0.00604327 0.00348720 0.00613703 0.00628714 0.00639765 0.00473490 0.00385310 0.08077289 0.00843584 0.00747303 0.00453135 0.00511596 0.00445288 0.00737791 0.06115896 0.00799183 0.00988061 0.05726890 0.00320042 0.00643482 0.04536803 0.05722674 0.05703210 0.05722498 0.05728756 0.05708040 0.08483987 0.07909169 0.07426641 0.07843777 0.09535518 0.05747433 0.06039192 0.04743029 0.07425387 0.09023457 0.06332104 0.06368356 0.06153133 0.06404331 0.08152262 0.06109369 0.06043353 0.05990298 0.06269868 0.06639468 0.06420534 0.06269395 0.09286983 0.07789198 0.05960869 0.05541761 0.05865212 0.06419686 0.06526871 0.04860001 0.04747639 0.07426641 0.07135006 0.07342608 0.05641839 0.06218563 0.05844353 0.06020549 0.06014260 0.05928427 0.05995878 0.06415922 0.06070448 0.07874941 
S19_R_assembled_to_Uvaria_afzelii_with_annotations__incl_from_Dogma__Copy_consensus                                    0.00418172 0.00607031 0.00816359 0.00418935 0.00869328 0.00623159 0.00411108 0.00407311 0.00562889 0.00000000 0.00408677 0.00439084 0.00543139 0.00339797 0.00422910 0.00425828 0.00475854 0.00376722 0.00469791 0.00342398 0.00488015 0.00708995 0.00521650 0.00335518 0.00400535 0.00427999 0.00775289 0.00409835 0.00458099 0.00452083 0.00772198 0.00481256 0.00852516 0.00814622 0.00759265 0.00512840 0.00466545 0.00473490 0.00462645 0.00452640 0.00420249 0.00815696 0.00553151 0.00442520 0.00727527 0.00463351 0.00722198 0.00536339 0.00763723 0.00460563 0.00412574 0.00423753 0.05756577 0.00361448 0.01142307 0.00454809 0.00372607 0.00387734 0.00673812 0.00823226 0.00506268 0.00445351 0.00490737 0.00855545 0.00629869 0.00561505 0.00422670 0.00733955 0.00748470 0.00759993 0.00521314 0.00492024 0.08131931 0.00883209 0.00862950 0.00563650 0.00613697 0.00430525 0.00657185 0.06170061 0.00889990 0.01153771 0.05716561 0.00402175 0.00705643 0.04512114 0.05687788 0.05662145 0.05685380 0.05688807 0.05688156 0.08414868 0.07895083 0.07379529 0.07924127 0.09933857 0.05701971 0.06024471 0.04633566 0.07329340 0.08949469 0.06295114 0.06334541 0.06195332 0.06330710 0.08198442 0.06196603 0.06124386 0.06016995 0.06277558 0.06655582 0.06410184 0.06339361 0.09321753 0.07867512 0.05998133 0.05597768 0.05979424 0.06474514 0.06447883 0.04768678 0.04697945 0.07379529 0.07139079 0.07404603 0.05636770 0.06189685 0.05771534 0.05941846 0.05959973 0.05717189 0.05748190 0.06457099 0.05949965 0.07977980 
S1_ATTACTCG-TATAGCCT_L001_R_001_assembled_to_Uvaria_afzelii_with_annotations__incl_from_Dogma__Copy_consensus_2        0.00420011 0.00472273 0.00712702 0.00359488 0.00736768 0.00480180 0.00373208 0.00421689 0.00450630 0.00408677 0.00000000 0.00378432 0.00459252 0.00312916 0.00397197 0.00374709 0.00345549 0.00352335 0.00474774 0.00379415 0.00376289 0.00694322 0.00410625 0.00362764 0.00414037 0.00392511 0.00743991 0.00348185 0.00390309 0.00382514 0.00691062 0.00415368 0.00744930 0.00845692 0.00681646 0.00584431 0.00450977 0.00460852 0.00379473 0.00425013 0.00356863 0.00715932 0.00488705 0.00481548 0.00698283 0.00365077 0.00714263 0.00446268 0.00709285 0.00467427 0.00365721 0.00358421 0.05738595 0.00303480 0.01000839 0.00345869 0.00363661 0.00399354 0.00590525 0.00699732 0.00389725 0.00454916 0.00400282 0.00830468 0.00480630 0.00547579 0.00347792 0.00683127 0.00661292 0.00685315 0.00406504 0.00350352 0.08066131 0.00800111 0.00728716 0.00484327 0.00462332 0.00361471 0.00655360 0.06050592 0.00831229 0.01031960 0.05701665 0.00405498 0.00622407 0.04424981 0.05616541 0.05584928 0.05596695 0.05605581 0.05630755 0.08281831 0.07796194 0.07258536 0.07810644 0.09488567 0.05615582 0.05893488 0.04659202 0.07239926 0.08892583 0.06168826 0.06229386 0.06060521 0.06225892 0.08021943 0.06070674 0.06003372 0.05881199 0.06158668 0.06531261 0.06264407 0.06275281 0.09274415 0.07737667 0.05880602 0.05525587 0.05845416 0.06332342 0.06353667 0.04789190 0.04667445 0.07258536 0.07024646 0.07312632 0.05568902 0.06057393 0.05699673 0.05914762 0.05920761 0.05787086 0.05793784 0.06376020 0.05893843 0.07828157 
S20_R_assembled_to_Uvaria_afzelii_with_annotations__incl_from_Dogma__Copy_consensus                                    0.00471666 0.00480919 0.00675351 0.00392796 0.00727233 0.00517168 0.00294111 0.00433975 0.00399588 0.00439084 0.00378432 0.00000000 0.00443642 0.00273929 0.00313734 0.00324192 0.00326421 0.00310361 0.00604109 0.00358760 0.00361229 0.00682509 0.00455594 0.00353662 0.00340193 0.00353660 0.00699232 0.00357595 0.00403143 0.00265980 0.00682088 0.00343034 0.00681268 0.00909790 0.00644798 0.00649837 0.00421753 0.00490007 0.00272018 0.00348329 0.00286222 0.00657700 0.00442858 0.00432119 0.00654015 0.00314746 0.00745028 0.00398353 0.00731265 0.00415878 0.00269210 0.00286560 0.05790047 0.00286057 0.01008431 0.00219364 0.00307386 0.00319943 0.00582572 0.00670362 0.00321200 0.00372608 0.00334547 0.00780192 0.00441880 0.00499299 0.00351847 0.00615712 0.00639741 0.00655713 0.00353715 0.00360674 0.08071618 0.00812150 0.00691477 0.00398265 0.00509632 0.00395095 0.00639133 0.06054709 0.00750819 0.01006461 0.05733847 0.00276504 0.00583289 0.04459100 0.05644116 0.05618264 0.05637736 0.05634487 0.05640711 0.08396383 0.07829202 0.07378586 0.07809758 0.09431534 0.05651216 0.05955734 0.04695424 0.07340323 0.08958689 0.06291366 0.06313713 0.06101915 0.06336768 0.08088198 0.06099008 0.06035170 0.05933471 0.06235357 0.06600926 0.06322583 0.06253396 0.09314306 0.07710269 0.05930537 0.05526123 0.05870112 0.06371723 0.06462636 0.04823283 0.04662262 0.07378586 0.07036874 0.07318577 0.05591598 0.06162801 0.05781733 0.05927764 0.05961101 0.05861870 0.05892919 0.06365464 0.05948216 0.07819515 
S21_R_assembled_to_Uvaria_afzelii_with_annotations__incl_from_Dogma__Copy_consensus                                    0.00469728 0.00475452 0.00629358 0.00503470 0.00681818 0.00409158 0.00480685 0.00540919 0.00462126 0.00543139 0.00459252 0.00443642 0.00000000 0.00414564 0.00470620 0.00436123 0.00451216 0.00432893 0.00496448 0.00491943 0.00438808 0.00637265 0.00519462 0.00478848 0.00459162 0.00408950 0.00690941 0.00450734 0.00471361 0.00414323 0.00576117 0.00436265 0.00688039 0.00862958 0.00588273 0.00755065 0.00332903 0.00462889 0.00439859 0.00465735 0.00418936 0.00603612 0.00408389 0.00531515 0.00629417 0.00459032 0.00709757 0.00448538 0.00652986 0.00572313 0.00406198 0.00437323 0.05893796 0.00382757 0.00974074 0.00420010 0.00426549 0.00378494 0.00556832 0.00630740 0.00353996 0.00531092 0.00372371 0.00749708 0.00485701 0.00503557 0.00446976 0.00573871 0.00570009 0.00603714 0.00488905 0.00435059 0.08067996 0.00766172 0.00684540 0.00514589 0.00567162 0.00482642 0.00766471 0.06131172 0.00898911 0.00973982 0.05775840 0.00416227 0.00585848 0.04513045 0.05723722 0.05699643 0.05733039 0.05727009 0.05728753 0.08432491 0.07901006 0.07379160 0.07881748 0.09567370 0.05730724 0.06029063 0.04747776 0.07372520 0.08965277 0.06335171 0.06340551 0.06212759 0.06342481 0.08121540 0.06179360 0.06119729 0.06010540 0.06264013 0.06642007 0.06395348 0.06327208 0.09332591 0.07798390 0.06013397 0.05585830 0.05942340 0.06454730 0.06445298 0.04845355 0.04734060 0.07379160 0.07095680 0.07397330 0.05646957 0.06206367 0.05792914 0.05984325 0.06003405 0.05846319 0.05889931 0.06432654 0.06011476 0.07883225 
S22_R_assembled_to_Uvaria_afzelii_with_annotations__incl_from_Dogma__Copy_consensus                                    0.00433253 0.00450149 0.00660401 0.00330717 0.00729185 0.00486938 0.00348310 0.00336124 0.00401800 0.00339797 0.00312916 0.00273929 0.00414564 0.00000000 0.00303684 0.00273920 0.00266030 0.00239400 0.00505184 0.00304406 0.00341406 0.00656002 0.00405940 0.00253411 0.00334398 0.00377162 0.00733117 0.00350246 0.00412746 0.00347100 0.00631801 0.00322086 0.00681760 0.00804916 0.00657086 0.00539451 0.00406837 0.00477464 0.00271187 0.00319770 0.00312265 0.00681774 0.00411664 0.00376127 0.00680335 0.00249947 0.00702908 0.00464125 0.00681967 0.00394067 0.00295184 0.00269447 0.05807081 0.00233671 0.00988462 0.00230534 0.00250163 0.00305339 0.00566208 0.00687631 0.00323712 0.00389660 0.00384384 0.00789670 0.00457232 0.00507289 0.00316371 0.00627789 0.00628388 0.00641450 0.00368484 0.00388564 0.08077445 0.00777171 0.00695145 0.00398147 0.00495367 0.00318933 0.00599252 0.06082245 0.00721739 0.00994042 0.05733195 0.00302273 0.00599915 0.04454178 0.05712027 0.05683944 0.05709994 0.05703141 0.05694644 0.08402246 0.07852855 0.07341172 0.07808075 0.09486196 0.05728396 0.05996910 0.04671272 0.07316382 0.08989386 0.06280217 0.06292000 0.06134634 0.06300692 0.08040198 0.06110851 0.06057723 0.05976764 0.06203859 0.06588280 0.06374012 0.06275885 0.09264030 0.07735460 0.05951528 0.05544769 0.05890787 0.06403897 0.06531805 0.04798405 0.04690728 0.07341172 0.07089304 0.07360821 0.05619877 0.06148902 0.05732823 0.05942073 0.05970973 0.05810572 0.05854432 0.06383361 0.05986041 0.07818078 
S23_R_assembled_to_Uvaria_afzelii_with_annotations__incl_from_Dogma__Copy_consensus_2                                  0.00421281 0.00472130 0.00662791 0.00350897 0.00721021 0.00553071 0.00351039 0.00375853 0.00393007 0.00422910 0.00397197 0.00313734 0.00470620 0.00303684 0.00000000 0.00362663 0.00390869 0.00328314 0.00529169 0.00332745 0.00401759 0.00639061 0.00460709 0.00324971 0.00381043 0.00320700 0.00700504 0.00350869 0.00379508 0.00304582 0.00686279 0.00404338 0.00683233 0.00840782 0.00661996 0.00584897 0.00394365 0.00502932 0.00322180 0.00353354 0.00297746 0.00671076 0.00477872 0.00441848 0.00657695 0.00362104 0.00665611 0.00441637 0.00686811 0.00325354 0.00288444 0.00268882 0.05671581 0.00251438 0.01044913 0.00239491 0.00349143 0.00371821 0.00556841 0.00660100 0.00357264 0.00355328 0.00351204 0.00775776 0.00454393 0.00466521 0.00361316 0.00663861 0.00661008 0.00635151 0.00390461 0.00365181 0.08011189 0.00727737 0.00670266 0.00386882 0.00539152 0.00395084 0.00568663 0.05967698 0.00817617 0.01041769 0.05577602 0.00276948 0.00622922 0.04323798 0.05472004 0.05439864 0.05457149 0.05468525 0.05470012 0.08160866 0.07755940 0.07164050 0.07698750 0.09560380 0.05483283 0.05793347 0.04577996 0.07183873 0.08746564 0.06139827 0.06178535 0.05960269 0.06154266 0.07964253 0.05985588 0.05911153 0.05808541 0.06125057 0.06455226 0.06192104 0.06118153 0.09203676 0.07614334 0.05813946 0.05401475 0.05787906 0.06233123 0.06257376 0.04660715 0.04550596 0.07164050 0.06911287 0.07179388 0.05436131 0.06022295 0.05624106 0.05763871 0.05783786 0.05685189 0.05725157 0.06243827 0.05771296 0.07730315 
S24_R_assembled_to_Uvaria_afzelii_with_annotations__incl_from_Dogma__Copy_consensus                                    0.00465070 0.00548443 0.00712419 0.00398238 0.00757776 0.00558055 0.00370304 0.00394037 0.00419404 0.00425828 0.00374709 0.00324192 0.00436123 0.00273920 0.00362663 0.00000000 0.00310459 0.00357116 0.00568655 0.00330121 0.00352864 0.00661449 0.00431102 0.00284370 0.00353990 0.00380522 0.00762959 0.00386347 0.00401752 0.00341548 0.00698041 0.00352472 0.00709444 0.00897437 0.00656835 0.00582764 0.00451303 0.00501246 0.00155657 0.00347939 0.00334961 0.00701168 0.00449392 0.00408314 0.00725321 0.00321800 0.00772182 0.00483943 0.00727482 0.00417009 0.00302402 0.00331738 0.05834084 0.00286500 0.01034267 0.00298761 0.00286485 0.00304836 0.00634309 0.00715287 0.00333395 0.00384792 0.00357418 0.00801802 0.00473347 0.00547293 0.00349677 0.00610535 0.00612655 0.00669691 0.00412104 0.00376040 0.08083268 0.00811505 0.00734303 0.00443065 0.00482598 0.00343042 0.00651139 0.06092909 0.00767467 0.01025426 0.05745637 0.00322105 0.00615443 0.04508470 0.05742591 0.05727938 0.05750774 0.05748812 0.05744853 0.08459072 0.07862885 0.07382966 0.07847144 0.09488662 0.05766805 0.06035150 0.04746297 0.07341618 0.09066613 0.06270797 0.06311644 0.06190657 0.06367277 0.08064809 0.06120861 0.06074152 0.06014991 0.06231636 0.06566697 0.06445565 0.06270512 0.09282671 0.07785321 0.05953879 0.05565307 0.05928648 0.06432154 0.06509441 0.04858576 0.04744230 0.07382966 0.07121720 0.07369503 0.05658492 0.06185164 0.05823901 0.06010130 0.06038960 0.05890269 0.05915361 0.06396715 0.06060078 0.07856435 
S25_R_assembled_to_Uvaria_afzelii_with_annotations__incl_from_Dogma__Copy_consensus                                    0.00528617 0.00523649 0.00715584 0.00404369 0.00762695 0.00480481 0.00366546 0.00415818 0.00442657 0.00475854 0.00345549 0.00326421 0.00451216 0.00266030 0.00390869 0.00310459 0.00000000 0.00347142 0.00608224 0.00359451 0.00333178 0.00709366 0.00466000 0.00288890 0.00385962 0.00419500 0.00783145 0.00401579 0.00459080 0.00366688 0.00684910 0.00292396 0.00694465 0.00945225 0.00687959 0.00615335 0.00483809 0.00509118 0.00326667 0.00279497 0.00340336 0.00718983 0.00475051 0.00451443 0.00745939 0.00289654 0.00782635 0.00490810 0.00698219 0.00478645 0.00339542 0.00351516 0.05867414 0.00303709 0.01022870 0.00270288 0.00297586 0.00341003 0.00603595 0.00719171 0.00380351 0.00339787 0.00404898 0.00832146 0.00480652 0.00600423 0.00341372 0.00662863 0.00645823 0.00669484 0.00426523 0.00388526 0.08143707 0.00811059 0.00759746 0.00462694 0.00480630 0.00321177 0.00636070 0.06099184 0.00783885 0.01021203 0.05730438 0.00343027 0.00645163 0.04500130 0.05736704 0.05709231 0.05720695 0.05719619 0.05732357 0.08360418 0.07877613 0.07352021 0.07845519 0.09470247 0.05751606 0.06016994 0.04775756 0.07335105 0.09028029 0.06286846 0.06299922 0.06144427 0.06363884 0.08061966 0.06124954 0.06063486 0.05995566 0.06222120 0.06589649 0.06405666 0.06303093 0.09284554 0.07776539 0.05950987 0.05530853 0.05882436 0.06399891 0.06532328 0.04851329 0.04736178 0.07352021 0.07105150 0.07380356 0.05636440 0.06166292 0.05758297 0.05969544 0.05970427 0.05858066 0.05879834 0.06397666 0.06008177 0.07849770 
S26_R_assembled_to_Uvaria_afzelii_with_annotations__incl_from_Dogma__Copy_consensus                                    0.00396572 0.00530434 0.00638679 0.00371666 0.00723424 0.00555075 0.00312250 0.00372345 0.00409165 0.00376722 0.00352335 0.00310361 0.00432893 0.00239400 0.00328314 0.00357116 0.00347142 0.00000000 0.00536369 0.00270752 0.00375864 0.00647293 0.00443115 0.00328805 0.00280055 0.00362591 0.00738305 0.00392630 0.00383171 0.00310936 0.00679341 0.00262802 0.00724998 0.00834502 0.00652636 0.00577721 0.00408731 0.00475503 0.00301366 0.00321788 0.00319757 0.00670312 0.00483396 0.00358952 0.00724369 0.00336363 0.00692041 0.00417875 0.00731202 0.00436863 0.00349655 0.00312750 0.05818132 0.00363406 0.01031882 0.00312916 0.00237344 0.00257500 0.00575335 0.00666735 0.00277609 0.00374323 0.00360223 0.00778402 0.00492295 0.00486180 0.00381411 0.00605454 0.00652771 0.00669960 0.00435517 0.00393564 0.08077179 0.00878249 0.00771926 0.00457622 0.00500541 0.00344918 0.00656784 0.06111172 0.00737362 0.00999519 0.05762611 0.00309125 0.00650250 0.04519714 0.05751240 0.05722059 0.05746854 0.05757562 0.05756010 0.08531797 0.07873781 0.07480706 0.07861776 0.09552807 0.05771759 0.06057197 0.04718160 0.07393113 0.09006633 0.06326836 0.06354417 0.06155367 0.06420001 0.08166016 0.06147905 0.06100233 0.05988154 0.06289662 0.06656460 0.06428322 0.06294823 0.09289080 0.07801763 0.05955975 0.05589795 0.05915769 0.06425539 0.06499152 0.04849360 0.04721784 0.07480706 0.07131646 0.07360496 0.05670901 0.06229787 0.05892924 0.06037121 0.06045556 0.05947714 0.05972160 0.06396169 0.06041857 0.07906926 
S27_R_assembled_to_Uvaria_afzelii_with_annotations__incl_from_Dogma__Copy_consensus                                    0.00484773 0.00655401 0.00743177 0.00510072 0.00885620 0.00517572 0.00560501 0.00601815 0.00679245 0.00469791 0.00474774 0.00604109 0.00496448 0.00505184 0.00529169 0.00568655 0.00608224 0.00536369 0.00000000 0.00493671 0.00583684 0.00698993 0.00577905 0.00505280 0.00582539 0.00503590 0.00832481 0.00511610 0.00519607 0.00567044 0.00779911 0.00619658 0.00850627 0.00792481 0.00766073 0.00652811 0.00425849 0.00433038 0.00563651 0.00621308 0.00583645 0.00799472 0.00520795 0.00472205 0.00712624 0.00641001 0.00766312 0.00542702 0.00809958 0.00526226 0.00524301 0.00509575 0.05795339 0.00458337 0.01125116 0.00597820 0.00573791 0.00483829 0.00686508 0.00854000 0.00525296 0.00583393 0.00501219 0.00805175 0.00624426 0.00526777 0.00557107 0.00739047 0.00782085 0.00772656 0.00589106 0.00610057 0.08107818 0.00871944 0.00881627 0.00621461 0.00613302 0.00587414 0.00844862 0.06183210 0.00978691 0.01104531 0.05721163 0.00483793 0.00716254 0.04575538 0.05745801 0.05696825 0.05731373 0.05720308 0.05713825 0.08487629 0.07921382 0.07417616 0.07858907 0.09815960 0.05765692 0.06011490 0.04590624 0.07348898 0.09089221 0.06402791 0.06407072 0.06257677 0.06414492 0.08165969 0.06199153 0.06154597 0.06077061 0.06308163 0.06696939 0.06476194 0.06363276 0.09350854 0.07891335 0.06044642 0.05638125 0.05955077 0.06504918 0.06524477 0.04805838 0.04780993 0.07417616 0.07148722 0.07407601 0.05661535 0.06261362 0.05824373 0.06002358 0.06070654 0.05765919 0.05809998 0.06497862 0.06052272 0.07958483 
S28_R_assembled_to_Uvaria_afzelii_with_annotations__incl_from_Dogma__Copy_consensus                                    0.00385948 0.00525960 0.00672829 0.00343599 0.00745580 0.00558072 0.00318999 0.00337136 0.00388370 0.00342398 0.00379415 0.00358760 0.00491943 0.00304406 0.00332745 0.00330121 0.00359451 0.00270752 0.00493671 0.00000000 0.00414721 0.00664177 0.00428073 0.00245316 0.00328618 0.00342968 0.00713002 0.00392695 0.00369296 0.00364575 0.00704365 0.00382353 0.00690146 0.00746912 0.00650425 0.00492572 0.00439435 0.00477868 0.00335242 0.00371836 0.00306556 0.00706042 0.00521365 0.00325723 0.00651583 0.00335798 0.00674495 0.00466697 0.00693006 0.00350852 0.00328288 0.00318497 0.05674964 0.00334555 0.01027324 0.00339118 0.00276236 0.00377941 0.00589996 0.00733522 0.00364520 0.00367602 0.00399233 0.00765434 0.00477249 0.00457477 0.00353760 0.00628650 0.00700215 0.00633994 0.00381535 0.00360300 0.07933864 0.00777047 0.00726086 0.00430984 0.00523579 0.00389310 0.00549421 0.05976332 0.00783358 0.01064104 0.05575309 0.00318030 0.00636390 0.04356734 0.05507931 0.05490130 0.05511487 0.05492917 0.05492383 0.08240061 0.07751737 0.07168356 0.07677249 0.09709066 0.05527799 0.05830044 0.04517690 0.07210636 0.08747986 0.06176797 0.06225141 0.06004273 0.06215109 0.07999016 0.05987856 0.05924822 0.05838490 0.06140470 0.06519343 0.06239697 0.06132064 0.09177835 0.07624538 0.05848153 0.05394725 0.05762995 0.06260372 0.06306527 0.04681688 0.04573655 0.07168356 0.06923067 0.07195045 0.05479029 0.06087799 0.05617458 0.05756502 0.05796973 0.05655560 0.05676941 0.06290385 0.05787188 0.07737767 
S29_R_assembled_to_Uvaria_afzelii_with_annotations__incl_from_Dogma__Copy_consensus                                    0.00431785 0.00511399 0.00684096 0.00443713 0.00703253 0.00518139 0.00424260 0.00457959 0.00355137 0.00488015 0.00376289 0.00361229 0.00438808 0.00341406 0.00401759 0.00352864 0.00333178 0.00375864 0.00583684 0.00414721 0.00000000 0.00671743 0.00419564 0.00352161 0.00399224 0.00348378 0.00723936 0.00367651 0.00366465 0.00360659 0.00644231 0.00370589 0.00693199 0.00874125 0.00631486 0.00634270 0.00436706 0.00516714 0.00346426 0.00397563 0.00326622 0.00639298 0.00451605 0.00470478 0.00686276 0.00384043 0.00726032 0.00496808 0.00664397 0.00469084 0.00339359 0.00361378 0.05870139 0.00324238 0.00983526 0.00335955 0.00331927 0.00318393 0.00569013 0.00694755 0.00335916 0.00436841 0.00361929 0.00767759 0.00514932 0.00534420 0.00248615 0.00614228 0.00588943 0.00642776 0.00387643 0.00342713 0.08049654 0.00787751 0.00770857 0.00426845 0.00437946 0.00395434 0.00662503 0.06101425 0.00830299 0.00990897 0.05742002 0.00328837 0.00610163 0.04486809 0.05679980 0.05650878 0.05663795 0.05670606 0.05669279 0.08431029 0.07886662 0.07355696 0.07826973 0.09588044 0.05689316 0.05999992 0.04761621 0.07358250 0.08947961 0.06291705 0.06307942 0.06139127 0.06292906 0.08048263 0.06109214 0.06074148 0.05979871 0.06197069 0.06584655 0.06366327 0.06278261 0.09324486 0.07784697 0.05958765 0.05577053 0.05901859 0.06395480 0.06519767 0.04860624 0.04716318 0.07355696 0.07075121 0.07365189 0.05610494 0.06167520 0.05778962 0.05968533 0.05978085 0.05856034 0.05896348 0.06391270 0.05990816 0.07860324 
S2_ATTACTCG-ATAGAGGC_L001_R_001_assembled_to_Uvaria_afzelii_with_annotations__incl_from_Dogma__Copy_consensus          0.00637711 0.00681501 0.00288414 0.00636100 0.00258149 0.00673567 0.00704786 0.00707025 0.00679264 0.00708995 0.00694322 0.00682509 0.00637265 0.00656002 0.00639061 0.00661449 0.00709366 0.00647293 0.00698993 0.00664177 0.00671743 0.00000000 0.00731160 0.00707112 0.00670319 0.00608414 0.00287609 0.00687492 0.00644271 0.00680918 0.00292174 0.00652155 0.00262374 0.00598313 0.00310299 0.00825500 0.00586812 0.00672596 0.00654892 0.00677883 0.00633583 0.00269742 0.00657822 0.00689492 0.00228386 0.00716637 0.00317528 0.00663413 0.00247480 0.00659456 0.00623577 0.00618047 0.05777009 0.00624940 0.01012306 0.00623430 0.00603564 0.00569830 0.00359205 0.00430172 0.00559343 0.00711912 0.00574973 0.00364029 0.00635917 0.00643354 0.00645727 0.00359481 0.00403852 0.00382822 0.00652655 0.00627320 0.08059350 0.00606691 0.00450064 0.00664353 0.00786415 0.00658757 0.00932304 0.06079070 0.01095465 0.00982132 0.05715078 0.00613966 0.00695987 0.04417417 0.05583444 0.05565138 0.05583903 0.05566196 0.05593351 0.08273448 0.07786656 0.07354158 0.07802928 0.09529692 0.05607150 0.05924300 0.04635922 0.07373406 0.08801800 0.06283349 0.06304243 0.06066714 0.06295467 0.08079123 0.06083747 0.06041719 0.05923505 0.06257953 0.06541227 0.06329576 0.06232680 0.09292937 0.07734335 0.05883474 0.05510516 0.05841462 0.06364808 0.06415037 0.04771207 0.04639623 0.07354158 0.07078553 0.07309534 0.05543086 0.06141653 0.05744319 0.05887635 0.05938468 0.05813576 0.05843950 0.06284037 0.05901727 0.07804608 
S30_R_assembled_to_Uvaria_afzelii_with_annotations__incl_from_Dogma__Copy_consensus                                    0.00539537 0.00559993 0.00776795 0.00451790 0.00858150 0.00611133 0.00462599 0.00483622 0.00505527 0.00521650 0.00410625 0.00455594 0.00519462 0.00405940 0.00460709 0.00431102 0.00466000 0.00443115 0.00577905 0.00428073 0.00419564 0.00731160 0.00000000 0.00401567 0.00494246 0.00460813 0.00832881 0.00454909 0.00464832 0.00435141 0.00766747 0.00500142 0.00799054 0.00903883 0.00777998 0.00635728 0.00498865 0.00558391 0.00459923 0.00442887 0.00411839 0.00813130 0.00532914 0.00529980 0.00765662 0.00464164 0.00802953 0.00525361 0.00777213 0.00503291 0.00427821 0.00410686 0.05810561 0.00416435 0.01132435 0.00431608 0.00419871 0.00443293 0.00667892 0.00795866 0.00434009 0.00495696 0.00466566 0.00883488 0.00567781 0.00614658 0.00398830 0.00722827 0.00717408 0.00727330 0.00481745 0.00448186 0.08143571 0.00844783 0.00835263 0.00542273 0.00554717 0.00438817 0.00753455 0.06120839 0.00912569 0.01134961 0.05775904 0.00424615 0.00721070 0.04531610 0.05702522 0.05678281 0.05703150 0.05694379 0.05702463 0.08417397 0.07911401 0.07372347 0.07883899 0.09768776 0.05721848 0.06029576 0.04728084 0.07326618 0.08994414 0.06306016 0.06303961 0.06150195 0.06347162 0.08103942 0.06168256 0.06104061 0.06015618 0.06273064 0.06617023 0.06402505 0.06322128 0.09408928 0.07795963 0.05974801 0.05608083 0.05945791 0.06427973 0.06551337 0.04843108 0.04730278 0.07372347 0.07110044 0.07397416 0.05629302 0.06179162 0.05779664 0.06002646 0.06003528 0.05837255 0.05877973 0.06416462 0.06008351 0.07885508 
S31_R_assembled_to_Uvaria_afzelii_with_annotations__incl_from_Dogma__Copy_consensus                                    0.00461886 0.00525055 0.00697580 0.00316002 0.00807994 0.00542035 0.00370815 0.00369377 0.00464851 0.00335518 0.00362764 0.00353662 0.00478848 0.00253411 0.00324971 0.00284370 0.00288890 0.00328805 0.00505280 0.00245316 0.00352161 0.00707112 0.00401567 0.00000000 0.00320923 0.00394854 0.00781576 0.00387451 0.00403922 0.00392154 0.00710017 0.00396675 0.00698777 0.00826152 0.00687719 0.00500703 0.00450495 0.00502998 0.00311832 0.00399908 0.00357603 0.00762288 0.00476086 0.00360629 0.00726432 0.00301354 0.00744843 0.00484111 0.00742813 0.00373887 0.00330490 0.00324353 0.05751531 0.00303196 0.01080190 0.00310563 0.00248011 0.00337338 0.00617566 0.00784646 0.00370477 0.00341988 0.00437546 0.00827408 0.00502686 0.00470278 0.00338496 0.00663174 0.00718149 0.00688469 0.00408221 0.00435598 0.08035766 0.00795331 0.00783415 0.00456975 0.00492069 0.00362360 0.00623170 0.06052573 0.00749055 0.01073067 0.05666705 0.00317957 0.00659218 0.04484212 0.05687400 0.05673365 0.05687139 0.05689234 0.05683665 0.08386293 0.07837953 0.07339846 0.07831409 0.09565044 0.05733528 0.05968123 0.04632670 0.07321501 0.09012299 0.06246490 0.06267624 0.06115337 0.06319253 0.08083692 0.06085506 0.06032401 0.05973610 0.06181133 0.06551472 0.06366273 0.06247608 0.09189568 0.07780903 0.05946573 0.05542082 0.05838729 0.06370897 0.06514146 0.04789659 0.04705649 0.07339846 0.07077951 0.07324463 0.05599220 0.06130072 0.05743943 0.05911572 0.05947728 0.05766692 0.05789020 0.06364056 0.05982619 0.07835997 
