50
Artabotrys_hexapetalus_Abbott23913_2_assembled_to_Uvaria_afzelii_with_annotations__incl_from_Dogma__Copy_consensus     0.00000000 0.04397236 0.04362921 0.04414066 0.04420964 0.04420193 0.07306202 0.06692844 0.06121622 0.06678461 0.08726331 0.04434560 0.04581514 0.03155175 0.06096158 0.07973448 0.05054793 0.05029343 0.04847702 0.05073790 0.06969965 0.04830501 0.04843815 0.04700961 0.04990682 0.05263953 0.05094857 0.04963702 0.08329376 0.06688563 0.04601071 0.03567781 0.04608741 0.05116222 0.05201270 0.03194474 0.03120941 0.06121622 0.05830980 0.05955154 0.04301476 0.04891574 0.04408905 0.04578738 0.04611095 0.04523322 0.04532151 0.05090337 0.04572671 0.06738967 
Asimina_obovata_Abbott23747_2_assembled_to_Uvaria_afzelii_with_annotations__incl_from_Dogma__Copy_consensus            0.04397236 0.00000000 0.00258284 0.00161291 0.00198384 0.00249724 0.08542484 0.07900818 0.04312611 0.07846411 0.08994740 0.00247363 0.02325975 0.04484242 0.04256216 0.09249016 0.06221622 0.06224908 0.06082987 0.06284196 0.08177550 0.06021636 0.05974055 0.05910748 0.06222075 0.06464942 0.06320173 0.06134701 0.09478356 0.07886013 0.05815714 0.05332105 0.05814559 0.06359912 0.03365971 0.04719625 0.04562860 0.04312611 0.04011405 0.04219827 0.00499994 0.06157992 0.04241244 0.04357430 0.04348096 0.04267148 0.04303617 0.06297251 0.04301398 0.07934160 
Asimina_parviflora_Abbott20528_2_assembled_to_Uvaria_afzelii_with_annotations__incl_from_Dogma__Copy_consensus         0.04362921 0.00258284 0.00000000 0.00262695 0.00274990 0.00276423 0.08485851 0.07836307 0.04257186 0.07829840 0.09006092 0.00291834 0.02303290 0.04471742 0.04218538 0.09192330 0.06193545 0.06206630 0.06042592 0.06255165 0.08151696 0.05992703 0.05927982 0.05876858 0.06184119 0.06453514 0.06300013 0.06105762 0.09441867 0.07847311 0.05756778 0.05304488 0.05784727 0.06335427 0.03315999 0.04691339 0.04526561 0.04257186 0.03942877 0.04175184 0.00520557 0.06140500 0.04252026 0.04352864 0.04339266 0.04260618 0.04283173 0.06275119 0.04304282 0.07898297 
Asimina_pygmaea_Abbott22471_2_assembled_to_Uvaria_afzelii_with_annotations__incl_from_Dogma__Copy_consensus            0.04414066 0.00161291 0.00262695 0.00000000 0.00119269 0.00173811 0.08520502 0.07826970 0.04305704 0.07843952 0.09014257 0.00187752 0.02298599 0.04503416 0.04210442 0.09233238 0.06205587 0.06211902 0.06082109 0.06298783 0.08162113 0.06001681 0.05950701 0.05904826 0.06190621 0.06452044 0.06343895 0.06107255 0.09406233 0.07860201 0.05808711 0.05308377 0.05816705 0.06375594 0.03344851 0.04710251 0.04539481 0.04305704 0.03971074 0.04187299 0.00512749 0.06136871 0.04261009 0.04397221 0.04361661 0.04269451 0.04303478 0.06293438 0.04346700 0.07905308 
Asimina_reticulata_Abbott22466_2_assembled_to_Uvaria_afzelii_with_annotations__incl_from_Dogma__Copy_consensus         0.04420964 0.00198384 0.00274990 0.00119269 0.00000000 0.00212561 0.08497433 0.07857368 0.04302596 0.07838573 0.09010769 0.00195189 0.02338401 0.04477971 0.04243059 0.09233037 0.06221286 0.06218415 0.06091445 0.06291214 0.08182932 0.06018920 0.05937687 0.05908670 0.06211104 0.06471262 0.06318329 0.06112086 0.09400780 0.07893889 0.05807318 0.05326677 0.05825987 0.06387004 0.03355657 0.04718561 0.04554238 0.04302596 0.03984357 0.04184671 0.00511090 0.06142681 0.04237312 0.04371969 0.04332304 0.04232420 0.04257135 0.06289029 0.04330772 0.07927584 
Asimina_tetramera_Abbott14312_2_assembled_to_Uvaria_afzelii_with_annotations__incl_from_Dogma__Copy_consensus          0.04420193 0.00249724 0.00276423 0.00173811 0.00212561 0.00000000 0.08514161 0.07888394 0.04341768 0.07863464 0.09016087 0.00257866 0.02319810 0.04502714 0.04286531 0.09243594 0.06240614 0.06232017 0.06081291 0.06280006 0.08202670 0.06025411 0.05967253 0.05917499 0.06241804 0.06475618 0.06291597 0.06148856 0.09468604 0.07919319 0.05808206 0.05330595 0.05822766 0.06390385 0.03349760 0.04735231 0.04579730 0.04341768 0.04019310 0.04213103 0.00519479 0.06154184 0.04284452 0.04396926 0.04388255 0.04305997 0.04332974 0.06294993 0.04364477 0.07964182 
Cananga_kirkii                                                                                                         0.07306202 0.08542484 0.08485851 0.08520502 0.08497433 0.08514161 0.00000000 0.00403191 0.10030136 0.09140268 0.06369997 0.08547081 0.08700201 0.07328214 0.09899983 0.09005206 0.06473474 0.06455595 0.06297850 0.06505755 0.09481399 0.06264463 0.06227121 0.06110885 0.06354621 0.06723946 0.06592472 0.06366038 0.05414285 0.09193125 0.06006639 0.08016466 0.05978396 0.06548027 0.09015478 0.07518526 0.07428734 0.10030136 0.09794792 0.09895749 0.08388325 0.06349175 0.08627149 0.08874513 0.08828300 0.08679953 0.08740640 0.06478121 0.08876822 0.09182967 
Cananga_odorata_Abbott24307_2_assembled_to_Uvaria_afzelii_with_annotations__incl_from_Dogma__Copy_consensus            0.06692844 0.07900818 0.07836307 0.07826970 0.07857368 0.07888394 0.00403191 0.00000000 0.09335094 0.08590471 0.06291828 0.07884344 0.08075168 0.06845239 0.09436919 0.08378323 0.06180595 0.06145932 0.05944859 0.06038795 0.09000890 0.05866729 0.05851763 0.05738625 0.06024079 0.06418701 0.06053102 0.06090488 0.05323974 0.08620498 0.05763220 0.07496948 0.05669846 0.06200799 0.08451629 0.06938014 0.06803254 0.09335094 0.09269648 0.09458978 0.07757735 0.05957984 0.07946085 0.08079074 0.08107414 0.07980888 0.08045825 0.06158302 0.08103579 0.08649609 
Consensus_Annona_cherimola                                                                                             0.06121622 0.04312611 0.04257186 0.04305704 0.04302596 0.04341768 0.10030136 0.09335094 0.00000000 0.09276516 0.10531050 0.04310546 0.04471233 0.06198058 0.01182000 0.11020370 0.07880963 0.07900755 0.07736878 0.07929911 0.09574195 0.07761106 0.07672096 0.07536621 0.07868288 0.08086573 0.07987019 0.07799915 0.10973642 0.09355481 0.07462471 0.07036711 0.07445603 0.08056633 0.04877135 0.06519389 0.06311832 0.00000050 0.01690750 0.02289403 0.04201482 0.07789546 0.05790430 0.06057813 0.05914223 0.05767448 0.05800634 0.07929026 0.06018726 0.09423945 
Cymbopetalum_torulosum_Blanco2264_2_assembled_to_Uvaria_afzelii_with_annotations__incl_from_Dogma__Copy_consensus      0.06678461 0.07846411 0.07829840 0.07843952 0.07838573 0.07863464 0.09140268 0.08590471 0.09276516 0.00000000 0.09872517 0.07841678 0.08017207 0.06839241 0.09187054 0.09654101 0.07095092 0.07042999 0.06943769 0.07021895 0.02187335 0.06920396 0.06884039 0.06673648 0.07078205 0.07295490 0.07045004 0.07046191 0.10220858 0.03128343 0.06707072 0.07473862 0.06723163 0.07184252 0.08516844 0.07082230 0.06872311 0.09276516 0.09119144 0.09244328 0.07766339 0.06919270 0.07959337 0.07985138 0.08033677 0.07944872 0.07971187 0.07097889 0.07988760 0.03265937 
Deeringothamnus_pulchellus_Abbott23697_2_assembled_to_Uvaria_afzelii_with_annotations__incl_from_Dogma__Copy_consensus 0.08726331 0.08994740 0.09006092 0.09014257 0.09010769 0.09016087 0.06369997 0.06291828 0.10531050 0.09872517 0.00000000 0.09003140 0.09248789 0.08933133 0.10623123 0.09608460 0.08428506 0.08432546 0.08306021 0.08411287 0.09990065 0.08372469 0.08336839 0.08175336 0.08309323 0.08732601 0.08545987 0.08524222 0.09633531 0.09763386 0.08302169 0.09251054 0.08327511 0.08516205 0.09617976 0.09143979 0.08859817 0.10531050 0.10351268 0.11035311 0.09055470 0.08331045 0.09298109 0.09376763 0.09487506 0.09615135 0.09621178 0.08649267 0.09248857 0.09781578 
Deeringothamnus_rugelii_Abbott22361_2_assembled_to_Uvaria_afzelii_with_annotations__incl_from_Dogma__Copy_consensus    0.04434560 0.00247363 0.00291834 0.00187752 0.00195189 0.00257866 0.08547081 0.07884344 0.04310546 0.07841678 0.09003140 0.00000000 0.02338421 0.04505831 0.04246500 0.09250452 0.06251974 0.06246093 0.06127191 0.06344076 0.08159989 0.06025989 0.05978757 0.05942787 0.06244920 0.06482106 0.06346691 0.06140405 0.09434600 0.07853614 0.05831006 0.05333995 0.05807432 0.06404829 0.03370610 0.04726698 0.04579463 0.04310546 0.03991111 0.04193919 0.00524324 0.06184786 0.04310774 0.04428366 0.04407511 0.04310101 0.04330880 0.06303517 0.04390684 0.07908444 
Disepalum_pulchrum_Chan192_2_assembled_to_Uvaria_afzelii_with_annotations__incl_from_Dogma__Copy_consensus             0.04581514 0.02325975 0.02303290 0.02298599 0.02338401 0.02319810 0.08700201 0.08075168 0.04471233 0.08017207 0.09248789 0.02338421 0.00000000 0.04697236 0.04474595 0.09495374 0.06471516 0.06480492 0.06296238 0.06554956 0.08365489 0.06265678 0.06203552 0.06153722 0.06429434 0.06694421 0.06574196 0.06357395 0.09628861 0.08076274 0.06022819 0.05491834 0.06001739 0.06576868 0.03658624 0.04923990 0.04762111 0.04471233 0.04234270 0.04396720 0.02226289 0.06352151 0.04392053 0.04521401 0.04524617 0.04413697 0.04431417 0.06542856 0.04498666 0.08177373 
Fusaea_peruviana_Abbott19140_2_assembled_to_Uvaria_afzelii_with_annotations__incl_from_Dogma__Copy_consensus           0.03155175 0.04484242 0.04471742 0.04503416 0.04477971 0.04502714 0.07328214 0.06845239 0.06198058 0.06839241 0.08933133 0.04505831 0.04697236 0.00000000 0.06091458 0.08017564 0.05329263 0.05254160 0.05079739 0.05249423 0.07173651 0.05078250 0.05039564 0.04887140 0.05207356 0.05519847 0.05272345 0.05225258 0.08521143 0.06842323 0.04891639 0.04267477 0.04847460 0.05353109 0.05312632 0.01406209 0.02138985 0.06198058 0.05917195 0.06105441 0.04414481 0.05126427 0.04579681 0.04685154 0.04740621 0.04611933 0.04610697 0.05307912 0.04660570 0.06956735 
Raimondia_quinduensis_Abbott25012_2_assembled_to_Uvaria_afzelii_with_annotations__incl_from_Dogma__Copy_consensus      0.06096158 0.04256216 0.04218538 0.04210442 0.04243059 0.04286531 0.09899983 0.09436919 0.01182000 0.09187054 0.10623123 0.04246500 0.04474595 0.06091458 0.00000000 0.10840478 0.07823405 0.07845660 0.07674530 0.07835219 0.09424637 0.07700722 0.07672498 0.07520508 0.07764694 0.08047310 0.07888039 0.07793122 0.11180863 0.09235332 0.07440347 0.06967826 0.07424633 0.07971619 0.04914319 0.06410113 0.06199341 0.01182000 0.01838312 0.02521630 0.04162644 0.07708479 0.05705019 0.05850389 0.05814818 0.05667197 0.05665635 0.07924837 0.05919346 0.09301737 
S1_Anaxagorea_phaeocarpa_Mart._vel_aff.                                                                                0.07973448 0.09249016 0.09192330 0.09233238 0.09233037 0.09243594 0.09005206 0.08378323 0.11020370 0.09654101 0.09608460 0.09250452 0.09495374 0.08017564 0.10840478 0.00000000 0.07266208 0.07190255 0.07053981 0.07327919 0.10220560 0.06998406 0.06992394 0.06826862 0.07192342 0.07561894 0.07234033 0.07286791 0.09958410 0.09986191 0.06809423 0.08699646 0.06696174 0.07340715 0.09847719 0.08272017 0.08138898 0.11020370 0.10628096 0.10703096 0.09148506 0.07034834 0.09352907 0.09605915 0.09442678 0.09383378 0.09477290 0.07342182 0.09555452 0.10080536 
S10_S10_R_001_assembled_to_Uvaria_afzelii_with_annotations__incl_from_Dogma__Copy_consensus                            0.05054793 0.06221622 0.06193545 0.06205587 0.06221286 0.06240614 0.06473474 0.06180595 0.07880963 0.07095092 0.08428506 0.06251974 0.06471516 0.05329263 0.07823405 0.07266208 0.00000000 0.01884765 0.01761244 0.01743758 0.07464476 0.01732320 0.01733331 0.01518829 0.01758950 0.02276338 0.01886867 0.02077978 0.08010476 0.07080664 0.01719332 0.05937539 0.01802602 0.02139457 0.06951704 0.05450094 0.05194822 0.07880963 0.07664377 0.07836535 0.06141190 0.01667629 0.06334523 0.06516337 0.06499584 0.06369176 0.06430973 0.02281930 0.06567685 0.07188918 
S11_S11_R_001_assembled_to_Uvaria_afzelii_with_annotations__incl_from_Dogma__Copy_consensus                            0.05029343 0.06224908 0.06206630 0.06211902 0.06218415 0.06232017 0.06455595 0.06145932 0.07900755 0.07042999 0.08432546 0.06246093 0.06480492 0.05254160 0.07845660 0.07190255 0.01884765 0.00000000 0.01755404 0.01442685 0.07376516 0.01394775 0.01442046 0.01535054 0.01432754 0.02277336 0.01909259 0.02098518 0.08009459 0.07041101 0.01683133 0.05899532 0.01833671 0.02123045 0.06969308 0.05384457 0.05151282 0.07900755 0.07660889 0.07853892 0.06171015 0.01326326 0.06324992 0.06472061 0.06498962 0.06389788 0.06444397 0.02280820 0.06493751 0.07154819 
S12_S12_R_001_assembled_to_Uvaria_afzelii_with_annotations__incl_from_Dogma__Copy_consensus                            0.04847702 0.06082987 0.06042592 0.06082109 0.06091445 0.06081291 0.06297850 0.05944859 0.07736878 0.06943769 0.08306021 0.06127191 0.06296238 0.05079739 0.07674530 0.07053981 0.01761244 0.01755404 0.00000000 0.01595344 0.07295826 0.01506158 0.01514708 0.01377376 0.01628726 0.02174212 0.01714593 0.01922554 0.07773653 0.06910791 0.00639356 0.05678066 0.01568604 0.01974337 0.06761524 0.05232440 0.04972759 0.07736878 0.07535631 0.07665270 0.05990548 0.01533792 0.06190799 0.06294997 0.06329635 0.06217117 0.06292374 0.02178246 0.06341557 0.06996855 
S13_Oxandra_macrophylla                                                                                                0.05073790 0.06284196 0.06255165 0.06298783 0.06291214 0.06280006 0.06505755 0.06038795 0.07929911 0.07021895 0.08411287 0.06344076 0.06554956 0.05249423 0.07835219 0.07327919 0.01743758 0.01442685 0.01595344 0.00000000 0.07373385 0.01006719 0.01043758 0.01439756 0.01069309 0.02154074 0.01847641 0.01932198 0.07769476 0.07032351 0.01545101 0.05876545 0.01689875 0.01997593 0.07027262 0.05396602 0.05207232 0.07929911 0.07738776 0.07818406 0.06225212 0.00975957 0.06342095 0.06581380 0.06536002 0.06431306 0.06472073 0.02182114 0.06631971 0.07104759 
S14_S14_R_001_assembled_to_Uvaria_afzelii_with_annotations__incl_from_Dogma__Copy_consensus                            0.06969965 0.08177550 0.08151696 0.08162113 0.08182932 0.08202670 0.09481399 0.09000890 0.09574195 0.02187335 0.09990065 0.08159989 0.08365489 0.07173651 0.09424637 0.10220560 0.07464476 0.07376516 0.07295826 0.07373385 0.00000000 0.07262256 0.07258421 0.07081115 0.07393297 0.07642126 0.07485410 0.07396619 0.10477381 0.03359430 0.07085678 0.07775054 0.07088455 0.07561621 0.08898415 0.07380901 0.07163181 0.09574195 0.09377053 0.09515973 0.08091925 0.07242980 0.08206453 0.08306474 0.08340807 0.08235588 0.08292852 0.07511290 0.08259416 0.03439838 
S15_S15_R_001_assembled_to_Uvaria_afzelii_with_annotations__incl_from_Dogma__Copy_consensus                            0.04830501 0.06021636 0.05992703 0.06001681 0.06018920 0.06025411 0.06264463 0.05866729 0.07761106 0.06920396 0.08372469 0.06025989 0.06265678 0.05078250 0.07700722 0.06998406 0.01732320 0.01394775 0.01506158 0.01006719 0.07262256 0.00000000 0.00840145 0.01353557 0.00968035 0.02116731 0.01692209 0.01855773 0.07686772 0.06829526 0.01480485 0.05696684 0.01616460 0.01882552 0.06793544 0.05183275 0.04945269 0.07761106 0.07514638 0.07664114 0.05944647 0.00905431 0.06172878 0.06247812 0.06302941 0.06239843 0.06286358 0.02088926 0.06303910 0.06942816 
S16_S16_R_001_assembled_to_Uvaria_afzelii_with_annotations__incl_from_Dogma__Copy_consensus                            0.04843815 0.05974055 0.05927982 0.05950701 0.05937687 0.05967253 0.06227121 0.05851763 0.07672096 0.06884039 0.08336839 0.05978757 0.06203552 0.05039564 0.07672498 0.06992394 0.01733331 0.01442046 0.01514708 0.01043758 0.07258421 0.00840145 0.00000000 0.01361449 0.01004435 0.02122313 0.01701095 0.01884004 0.07682568 0.06829095 0.01464964 0.05647217 0.01569567 0.01921551 0.06741137 0.05196874 0.04938406 0.07672096 0.07481126 0.07640819 0.05881144 0.00929130 0.06107367 0.06263821 0.06241939 0.06171049 0.06252019 0.02066631 0.06272244 0.06904904 
S17_S17_R_001_assembled_to_Uvaria_afzelii_with_annotations__incl_from_Dogma__Copy_consensus                            0.04700961 0.05910748 0.05876858 0.05904826 0.05908670 0.05917499 0.06110885 0.05738625 0.07536621 0.06673648 0.08175336 0.05942787 0.06153722 0.04887140 0.07520508 0.06826862 0.01518829 0.01535054 0.01377376 0.01439756 0.07081115 0.01353557 0.01361449 0.00000000 0.01400497 0.01948786 0.01150626 0.01667561 0.07586295 0.06659796 0.01313034 0.05515779 0.01029099 0.01761605 0.06615984 0.05057886 0.04811509 0.07536621 0.07303909 0.07514895 0.05807871 0.01306050 0.06014334 0.06155587 0.06169498 0.06061015 0.06116893 0.01898867 0.06179738 0.06771955 
S18_S18_R_001_assembled_to_Uvaria_afzelii_with_annotations__incl_from_Dogma__Copy_consensus                            0.04990682 0.06222075 0.06184119 0.06190621 0.06211104 0.06241804 0.06354621 0.06024079 0.07868288 0.07078205 0.08309323 0.06244920 0.06429434 0.05207356 0.07764694 0.07192342 0.01758950 0.01432754 0.01628726 0.01069309 0.07393297 0.00968035 0.01004435 0.01400497 0.00000000 0.02221726 0.01721332 0.01995511 0.07791106 0.07033245 0.01570709 0.05834210 0.01657100 0.02021706 0.06904527 0.05336987 0.05120741 0.07868288 0.07664159 0.07800420 0.06106238 0.00952458 0.06263128 0.06489911 0.06448326 0.06323202 0.06372533 0.02225840 0.06495330 0.07078633 
S19_S19_R_001_assembled_to_Uvaria_afzelii_with_annotations__incl_from_Dogma__Copy_consensus                            0.05263953 0.06464942 0.06453514 0.06452044 0.06471262 0.06475618 0.06723946 0.06418701 0.08086573 0.07295490 0.08732601 0.06482106 0.06694421 0.05519847 0.08047310 0.07561894 0.02276338 0.02277336 0.02174212 0.02154074 0.07642126 0.02116731 0.02122313 0.01948786 0.02221726 0.00000000 0.02290320 0.01314977 0.08152207 0.07315098 0.02122698 0.06106594 0.02185535 0.01308617 0.07181204 0.05596868 0.05404004 0.08086573 0.07904827 0.08051448 0.06402137 0.02074254 0.06600356 0.06711668 0.06751224 0.06657116 0.06718787 0.00554377 0.06782767 0.07434242 
S2_Cremastosperma_leiophyllum                                                                                          0.05094857 0.06320173 0.06300013 0.06343895 0.06318329 0.06291597 0.06592472 0.06053102 0.07987019 0.07045004 0.08545987 0.06346691 0.06574196 0.05272345 0.07888039 0.07234033 0.01886867 0.01909259 0.01714593 0.01847641 0.07485410 0.01692209 0.01701095 0.01150626 0.01721332 0.02290320 0.00000000 0.02031058 0.07828321 0.07062549 0.01651474 0.05877122 0.00549497 0.02061611 0.07062608 0.05474323 0.05202903 0.07987019 0.07745500 0.07805147 0.06264284 0.01721571 0.06430705 0.06609720 0.06584666 0.06522352 0.06565384 0.02195968 0.06621373 0.07149723 
S20_S20_R_001_assembled_to_Uvaria_afzelii_with_annotations__incl_from_Dogma__Copy_consensus                            0.04963702 0.06134701 0.06105762 0.06107255 0.06112086 0.06148856 0.06366038 0.06090488 0.07799915 0.07046191 0.08524222 0.06140405 0.06357395 0.05225258 0.07793122 0.07286791 0.02077978 0.02098518 0.01922554 0.01932198 0.07396619 0.01855773 0.01884004 0.01667561 0.01995511 0.01314977 0.02031058 0.00000000 0.07915835 0.07017886 0.01889402 0.05808877 0.01959375 0.00461906 0.06828121 0.05345196 0.05104208 0.07799915 0.07608888 0.07795700 0.06074350 0.01855279 0.06298304 0.06388714 0.06417063 0.06353175 0.06414365 0.01313472 0.06420394 0.07135758 
S21_S21_R_001_assembled_to_Uvaria_afzelii_with_annotations__incl_from_Dogma__Copy_consensus                            0.08329376 0.09478356 0.09441867 0.09406233 0.09400780 0.09468604 0.05414285 0.05323974 0.10973642 0.10220858 0.09633531 0.09434600 0.09628861 0.08521143 0.11180863 0.09958410 0.08010476 0.08009459 0.07773653 0.07769476 0.10477381 0.07686772 0.07682568 0.07586295 0.07791106 0.08152207 0.07828321 0.07915835 0.00000000 0.10182594 0.07642142 0.09234065 0.07503697 0.07944496 0.10196557 0.08445758 0.08402984 0.10973642 0.11054454 0.11100436 0.09444061 0.07766647 0.09532895 0.09567136 0.09735152 0.09687832 0.09651120 0.08004482 0.09586888 0.10204041 
S22_S22_R_001_assembled_to_Uvaria_afzelii_with_annotations__incl_from_Dogma__Copy_consensus                            0.06688563 0.07886013 0.07847311 0.07860201 0.07893889 0.07919319 0.09193125 0.08620498 0.09355481 0.03128343 0.09763386 0.07853614 0.08076274 0.06842323 0.09235332 0.09986191 0.07080664 0.07041101 0.06910791 0.07032351 0.03359430 0.06829526 0.06829095 0.06659796 0.07033245 0.07315098 0.07062549 0.07017886 0.10182594 0.00000000 0.06648864 0.07439973 0.06698150 0.07198898 0.08513742 0.07114881 0.06895953 0.09355481 0.09045989 0.09154628 0.07756820 0.06899561 0.07923464 0.08049184 0.08002776 0.07907528 0.07982574 0.07146820 0.08060817 0.01192266 
S23_S23_R_001_assembled_to_Uvaria_afzelii_with_annotations__incl_from_Dogma__Copy_consensus                            0.04601071 0.05815714 0.05756778 0.05808711 0.05807318 0.05808206 0.06006639 0.05763220 0.07462471 0.06707072 0.08302169 0.05831006 0.06022819 0.04891639 0.07440347 0.06809423 0.01719332 0.01683133 0.00639356 0.01545101 0.07085678 0.01480485 0.01464964 0.01313034 0.01570709 0.02122698 0.01651474 0.01889402 0.07642142 0.06648864 0.00000000 0.05447894 0.01534041 0.01874812 0.06518860 0.04986714 0.04742373 0.07462471 0.07286486 0.07472537 0.05730224 0.01479420 0.05955267 0.06065269 0.06055549 0.06017175 0.06086066 0.02080723 0.06084977 0.06778852 
S24_S24_R_001_assembled_to_Uvaria_afzelii_with_annotations__incl_from_Dogma__Copy_consensus                            0.03567781 0.05332105 0.05304488 0.05308377 0.05326677 0.05330595 0.08016466 0.07496948 0.07036711 0.07473862 0.09251054 0.05333995 0.05491834 0.04267477 0.06967826 0.08699646 0.05937539 0.05899532 0.05678066 0.05876545 0.07775054 0.05696684 0.05647217 0.05515779 0.05834210 0.06106594 0.05877122 0.05808877 0.09234065 0.07439973 0.05447894 0.00000000 0.05392005 0.05953475 0.06042402 0.04362758 0.04205626 0.07036711 0.06720401 0.06862374 0.05238497 0.05757280 0.05341070 0.05525107 0.05512760 0.05397939 0.05434029 0.05893270 0.05449916 0.07559120 
S3_S3_R_001_assembled_to_Uvaria_afzelii_with_annotations__incl_from_Dogma__Copy_consensus                              0.04608741 0.05814559 0.05784727 0.05816705 0.05825987 0.05822766 0.05978396 0.05669846 0.07445603 0.06723163 0.08327511 0.05807432 0.06001739 0.04847460 0.07424633 0.06696174 0.01802602 0.01833671 0.01568604 0.01689875 0.07088455 0.01616460 0.01569567 0.01029099 0.01657100 0.02185535 0.00549497 0.01959375 0.07503697 0.06698150 0.01534041 0.05392005 0.00000000 0.01989529 0.06590123 0.04975547 0.04732844 0.07445603 0.07290140 0.07408775 0.05748563 0.01593366 0.05924693 0.06065258 0.06050224 0.05997551 0.06057548 0.02104450 0.06056853 0.06792333 
S4_S4_R_001_assembled_to_Uvaria_afzelii_with_annotations__incl_from_Dogma__Copy_consensus                              0.05116222 0.06359912 0.06335427 0.06375594 0.06387004 0.06390385 0.06548027 0.06200799 0.08056633 0.07184252 0.08516205 0.06404829 0.06576868 0.05353109 0.07971619 0.07340715 0.02139457 0.02123045 0.01974337 0.01997593 0.07561621 0.01882552 0.01921551 0.01761605 0.02021706 0.01308617 0.02061611 0.00461906 0.07944496 0.07198898 0.01874812 0.05953475 0.01989529 0.00000000 0.07021270 0.05477831 0.05260504 0.08056633 0.07786159 0.07967215 0.06260540 0.01879474 0.06479071 0.06578198 0.06605726 0.06514258 0.06580262 0.01331477 0.06641672 0.07295023 
S5_S5_R_001_assembled_to_Uvaria_afzelii_with_annotations__incl_from_Dogma__Copy_consensus                              0.05201270 0.03365971 0.03315999 0.03344851 0.03355657 0.03349760 0.09015478 0.08451629 0.04877135 0.08516844 0.09617976 0.03370610 0.03658624 0.05312632 0.04914319 0.09847719 0.06951704 0.06969308 0.06761524 0.07027262 0.08898415 0.06793544 0.06741137 0.06615984 0.06904527 0.07181204 0.07062608 0.06828121 0.10196557 0.08513742 0.06518860 0.06042402 0.06590123 0.07021270 0.00000000 0.05559824 0.05394174 0.04877135 0.04637553 0.04788231 0.03266371 0.06857616 0.04936744 0.05043229 0.05058070 0.04993506 0.05012063 0.07049381 0.05043382 0.08580645 
S6_S6_R_001_assembled_to_Uvaria_afzelii_with_annotations__incl_from_Dogma__Copy_consensus                              0.03194474 0.04719625 0.04691339 0.04710251 0.04718561 0.04735231 0.07518526 0.06938014 0.06519389 0.07082230 0.09143979 0.04726698 0.04923990 0.01406209 0.06410113 0.08272017 0.05450094 0.05384457 0.05232440 0.05396602 0.07380901 0.05183275 0.05196874 0.05057886 0.05336987 0.05596868 0.05474323 0.05345196 0.08445758 0.07114881 0.04986714 0.04362758 0.04975547 0.05477831 0.05559824 0.00000000 0.02067516 0.06519389 0.06151698 0.06261542 0.04603813 0.05242112 0.04768346 0.04944827 0.04949032 0.04792189 0.04823350 0.05467489 0.04949482 0.07163505 
S7_S7_R_001_assembled_to_Uvaria_afzelii_with_annotations__incl_from_Dogma__Copy_consensus                              0.03120941 0.04562860 0.04526561 0.04539481 0.04554238 0.04579730 0.07428734 0.06803254 0.06311832 0.06872311 0.08859817 0.04579463 0.04762111 0.02138985 0.06199341 0.08138898 0.05194822 0.05151282 0.04972759 0.05207232 0.07163181 0.04945269 0.04938406 0.04811509 0.05120741 0.05404004 0.05202903 0.05104208 0.08402984 0.06895953 0.04742373 0.04205626 0.04732844 0.05260504 0.05394174 0.02067516 0.00000000 0.06311832 0.05930310 0.06051722 0.04439926 0.05030950 0.04589133 0.04764426 0.04782155 0.04688295 0.04724152 0.05274936 0.04805183 0.06951231 
S86_Annona_cherimola                                                                                                   0.06121622 0.04312611 0.04257186 0.04305704 0.04302596 0.04341768 0.10030136 0.09335094 0.00000050 0.09276516 0.10531050 0.04310546 0.04471233 0.06198058 0.01182000 0.11020370 0.07880963 0.07900755 0.07736878 0.07929911 0.09574195 0.07761106 0.07672096 0.07536621 0.07868288 0.08086573 0.07987019 0.07799915 0.10973642 0.09355481 0.07462471 0.07036711 0.07445603 0.08056633 0.04877135 0.06519389 0.06311832 0.00000000 0.01690750 0.02289403 0.04201482 0.07789546 0.05790430 0.06057813 0.05914223 0.05767448 0.05800634 0.07929026 0.06018726 0.09423945 
S87_TCTCGCGC-CAGGACGT_L002_R_001_assembled_to_Uvaria_afzelii_with_annotations__incl_from_Dogma__Copy_consensus         0.05830980 0.04011405 0.03942877 0.03971074 0.03984357 0.04019310 0.09794792 0.09269648 0.01690750 0.09119144 0.10351268 0.03991111 0.04234270 0.05917195 0.01838312 0.10628096 0.07664377 0.07660889 0.07535631 0.07738776 0.09377053 0.07514638 0.07481126 0.07303909 0.07664159 0.07904827 0.07745500 0.07608888 0.11054454 0.09045989 0.07286486 0.06720401 0.07290140 0.07786159 0.04637553 0.06151698 0.05930310 0.01690750 0.00000000 0.02193067 0.03864841 0.07605386 0.05493774 0.05581466 0.05593018 0.05484431 0.05487297 0.07757086 0.05600661 0.09132619 
S88_TCTCGCGC-GTACTGAC_L002_R_001_assembled_to_Uvaria_afzelii_with_annotations__incl_from_Dogma__Copy_consensus         0.05955154 0.04219827 0.04175184 0.04187299 0.04184671 0.04213103 0.09895749 0.09458978 0.02289403 0.09244328 0.11035311 0.04193919 0.04396720 0.06105441 0.02521630 0.10703096 0.07836535 0.07853892 0.07665270 0.07818406 0.09515973 0.07664114 0.07640819 0.07514895 0.07800420 0.08051448 0.07805147 0.07795700 0.11100436 0.09154628 0.07472537 0.06862374 0.07408775 0.07967215 0.04788231 0.06261542 0.06051722 0.02289403 0.02193067 0.00000000 0.04103849 0.07738864 0.05619713 0.05691362 0.05737355 0.05664280 0.05664835 0.07904343 0.05671186 0.09248857 
S89_AGCGATAG-TATAGCCT_L002_R_001_assembled_to_Uvaria_afzelii_with_annotations__incl_from_Dogma__Copy_consensus         0.04301476 0.00499994 0.00520557 0.00512749 0.00511090 0.00519479 0.08388325 0.07757735 0.04201482 0.07766339 0.09055470 0.00524324 0.02226289 0.04414481 0.04162644 0.09148506 0.06141190 0.06171015 0.05990548 0.06225212 0.08091925 0.05944647 0.05881144 0.05807871 0.06106238 0.06402137 0.06264284 0.06074350 0.09444061 0.07756820 0.05730224 0.05238497 0.05748563 0.06260540 0.03266371 0.04603813 0.04439926 0.04201482 0.03864841 0.04103849 0.00000000 0.06033079 0.04133520 0.04239637 0.04215034 0.04179633 0.04213665 0.06216362 0.04208378 0.07811445 
S8_S8_R_001_assembled_to_Uvaria_afzelii_with_annotations__incl_from_Dogma__Copy_consensus                              0.04891574 0.06157992 0.06140500 0.06136871 0.06142681 0.06154184 0.06349175 0.05957984 0.07789546 0.06919270 0.08331045 0.06184786 0.06352151 0.05126427 0.07708479 0.07034834 0.01667629 0.01326326 0.01533792 0.00975957 0.07242980 0.00905431 0.00929130 0.01306050 0.00952458 0.02074254 0.01721571 0.01855279 0.07766647 0.06899561 0.01479420 0.05757280 0.01593366 0.01879474 0.06857616 0.05242112 0.05030950 0.07789546 0.07605386 0.07738864 0.06033079 0.00000000 0.06235625 0.06437233 0.06408706 0.06284632 0.06341679 0.02075869 0.06469813 0.06970850 
S90_AGCGATAG-ATAGAGGC_L002_R_001_assembled_to_Uvaria_afzelii_with_annotations__incl_from_Dogma__Copy_consensus         0.04408905 0.04241244 0.04252026 0.04261009 0.04237312 0.04284452 0.08627149 0.07946085 0.05790430 0.07959337 0.09298109 0.04310774 0.04392053 0.04579681 0.05705019 0.09352907 0.06334523 0.06324992 0.06190799 0.06342095 0.08206453 0.06172878 0.06107367 0.06014334 0.06263128 0.06600356 0.06430705 0.06298304 0.09532895 0.07923464 0.05955267 0.05341070 0.05924693 0.06479071 0.04936744 0.04768346 0.04589133 0.05790430 0.05493774 0.05619713 0.04133520 0.06235625 0.00000000 0.03294151 0.01512997 0.01453204 0.01457938 0.06443420 0.03303397 0.07995677 
S91_AGCGATAG-CCTATCCT_L002_R_001_assembled_to_Uvaria_afzelii_with_annotations__incl_from_Dogma__Copy_consensus         0.04578738 0.04357430 0.04352864 0.04397221 0.04371969 0.04396926 0.08874513 0.08079074 0.06057813 0.07985138 0.09376763 0.04428366 0.04521401 0.04685154 0.05850389 0.09605915 0.06516337 0.06472061 0.06294997 0.06581380 0.08306474 0.06247812 0.06263821 0.06155587 0.06489911 0.06711668 0.06609720 0.06388714 0.09567136 0.08049184 0.06065269 0.05525107 0.06065258 0.06578198 0.05043229 0.04944827 0.04764426 0.06057813 0.05581466 0.05691362 0.04239637 0.06437233 0.03294151 0.00000000 0.03471037 0.03372331 0.03375756 0.06560492 0.01390001 0.08114387 
S92_AGCGATAG-GGCTCTGA_L002_R_001_assembled_to_Uvaria_afzelii_with_annotations__incl_from_Dogma__Copy_consensus         0.04611095 0.04348096 0.04339266 0.04361661 0.04332304 0.04388255 0.08828300 0.08107414 0.05914223 0.08033677 0.09487506 0.04407511 0.04524617 0.04740621 0.05814818 0.09442678 0.06499584 0.06498962 0.06329635 0.06536002 0.08340807 0.06302941 0.06241939 0.06169498 0.06448326 0.06751224 0.06584666 0.06417063 0.09735152 0.08002776 0.06055549 0.05512760 0.06050224 0.06605726 0.05058070 0.04949032 0.04782155 0.05914223 0.05593018 0.05737355 0.04215034 0.06408706 0.01512997 0.03471037 0.00000000 0.00358900 0.00419024 0.06584553 0.03469971 0.08075591 
S93_AGCGATAG-AGGCGAAG_L002_R_001_assembled_to_Uvaria_afzelii_with_annotations__incl_from_Dogma__Copy_consensus         0.04523322 0.04267148 0.04260618 0.04269451 0.04232420 0.04305997 0.08679953 0.07980888 0.05767448 0.07944872 0.09615135 0.04310101 0.04413697 0.04611933 0.05667197 0.09383378 0.06369176 0.06389788 0.06217117 0.06431306 0.08235588 0.06239843 0.06171049 0.06061015 0.06323202 0.06657116 0.06522352 0.06353175 0.09687832 0.07907528 0.06017175 0.05397939 0.05997551 0.06514258 0.04993506 0.04792189 0.04688295 0.05767448 0.05484431 0.05664280 0.04179633 0.06284632 0.01453204 0.03372331 0.00358900 0.00000000 0.00273303 0.06518808 0.03328130 0.07986243 
S94_AGCGATAG-TAATCTTA_L002_R2_001_assembled_to_Uvaria_afzelii_with_annotations__incl_from_Dogma__Copy_consensus        0.04532151 0.04303617 0.04283173 0.04303478 0.04257135 0.04332974 0.08740640 0.08045825 0.05800634 0.07971187 0.09621178 0.04330880 0.04431417 0.04610697 0.05665635 0.09477290 0.06430973 0.06444397 0.06292374 0.06472073 0.08292852 0.06286358 0.06252019 0.06116893 0.06372533 0.06718787 0.06565384 0.06414365 0.09651120 0.07982574 0.06086066 0.05434029 0.06057548 0.06580262 0.05012063 0.04823350 0.04724152 0.05800634 0.05487297 0.05664835 0.04213665 0.06341679 0.01457938 0.03375756 0.00419024 0.00273303 0.00000000 0.06545928 0.03337533 0.08065964 
S95_AGCGATAG-CAGGACGT_L002_R2_001_assembled_to_Uvaria_afzelii_with_annotations__incl_from_Dogma__Copy_consensus        0.05090337 0.06297251 0.06275119 0.06293438 0.06289029 0.06294993 0.06478121 0.06158302 0.07929026 0.07097889 0.08649267 0.06303517 0.06542856 0.05307912 0.07924837 0.07342182 0.02281930 0.02280820 0.02178246 0.02182114 0.07511290 0.02088926 0.02066631 0.01898867 0.02225840 0.00554377 0.02195968 0.01313472 0.08004482 0.07146820 0.02080723 0.05893270 0.02104450 0.01331477 0.07049381 0.05467489 0.05274936 0.07929026 0.07757086 0.07904343 0.06216362 0.02075869 0.06443420 0.06560492 0.06584553 0.06518808 0.06545928 0.00000000 0.06577633 0.07229091 
S96_AGCGATAG-GTACTGAC_L002_R_001_assembled_to_Uvaria_afzelii_with_annotations__incl_from_Dogma__Copy_consensus         0.04572671 0.04301398 0.04304282 0.04346700 0.04330772 0.04364477 0.08876822 0.08103579 0.06018726 0.07988760 0.09248857 0.04390684 0.04498666 0.04660570 0.05919346 0.09555452 0.06567685 0.06493751 0.06341557 0.06631971 0.08259416 0.06303910 0.06272244 0.06179738 0.06495330 0.06782767 0.06621373 0.06420394 0.09586888 0.08060817 0.06084977 0.05449916 0.06056853 0.06641672 0.05043382 0.04949482 0.04805183 0.06018726 0.05600661 0.05671186 0.04208378 0.06469813 0.03303397 0.01390001 0.03469971 0.03328130 0.03337533 0.06577633 0.00000000 0.08111579 
S9_S9_R_001_assembled_to_Uvaria_afzelii_with_annotations__incl_from_Dogma__Copy_consensus                              0.06738967 0.07934160 0.07898297 0.07905308 0.07927584 0.07964182 0.09182967 0.08649609 0.09423945 0.03265937 0.09781578 0.07908444 0.08177373 0.06956735 0.09301737 0.10080536 0.07188918 0.07154819 0.06996855 0.07104759 0.03439838 0.06942816 0.06904904 0.06771955 0.07078633 0.07434242 0.07149723 0.07135758 0.10204041 0.01192266 0.06778852 0.07559120 0.06792333 0.07295023 0.08580645 0.07163505 0.06951231 0.09423945 0.09132619 0.09248857 0.07811445 0.06970850 0.07995677 0.08114387 0.08075591 0.07986243 0.08065964 0.07229091 0.08111579 0.00000000 
