135
S10_R_assembled_to_Uvaria_afzelii_with_annotations__incl_from_Dogma__Copy_consensus                                    0.00000000 0.00601989 0.00700644 0.00441953 0.00789179 0.00620093 0.00528764 0.00573423 0.00494279 0.00450942 0.00436947 0.00505798 0.00495643 0.00450916 0.00442535 0.00490954 0.00544402 0.00418807 0.00502016 0.00406691 0.00456573 0.00656933 0.00565598 0.00476624 0.00487806 0.00410680 0.00750018 0.00461701 0.00429480 0.00506112 0.00743683 0.00540007 0.00771433 0.00840881 0.00664205 0.00664543 0.00387915 0.00486019 0.00460238 0.00553919 0.00451196 0.00697960 0.00580600 0.00463902 0.00663137 0.00552641 0.00722334 0.00545943 0.00767014 0.00481206 0.00439231 0.00423979 0.05846591 0.00406289 0.01101350 0.00449733 0.00429244 0.00446443 0.00682594 0.00749538 0.00365003 0.00543173 0.00425687 0.00810545 0.00538984 0.00505313 0.00445154 0.00661749 0.00697902 0.00647481 0.00510054 0.00446487 0.08213696 0.00908881 0.00817886 0.00572736 0.00604386 0.00529238 0.00850254 0.06252215 0.00957181 0.01054060 0.05942464 0.00406096 0.00653093 0.04660870 0.05915819 0.05892582 0.05912711 0.05919374 0.05902539 0.08652698 0.08064116 0.07600543 0.08017333 0.10053509 0.05943363 0.06198689 0.04757381 0.07588477 0.09177792 0.06518485 0.06509781 0.06315282 0.06523090 0.08364026 0.06283875 0.06259827 0.06163851 0.06422500 0.06767822 0.06527338 0.06444029 0.09548118 0.08009073 0.06124954 0.05708128 0.06024013 0.06545264 0.06673328 0.04917203 0.04892949 0.07600543 0.07293843 0.07553512 0.05830193 0.06387027 0.05986508 0.06158849 0.06187940 0.05951731 0.05985528 0.06546040 0.06201433 0.08065841 
S11_R_assembled_to_Uvaria_afzelii_with_annotations__incl_from_Dogma__Copy_consensus                                    0.00601989 0.00000000 0.00677753 0.00581596 0.00789452 0.00608209 0.00474363 0.00618969 0.00582981 0.00636557 0.00489795 0.00503798 0.00495098 0.00467318 0.00483264 0.00563616 0.00539504 0.00545725 0.00675617 0.00539020 0.00527315 0.00696932 0.00585467 0.00538537 0.00614207 0.00560068 0.00817880 0.00473935 0.00617283 0.00585972 0.00675527 0.00574841 0.00757059 0.00963225 0.00720559 0.00845493 0.00536687 0.00528694 0.00503868 0.00593778 0.00500458 0.00684981 0.00479539 0.00620670 0.00706936 0.00517548 0.00805073 0.00516978 0.00756535 0.00627171 0.00496081 0.00486454 0.05865288 0.00470289 0.01052271 0.00473735 0.00533871 0.00473300 0.00628356 0.00743507 0.00447096 0.00524226 0.00433958 0.00841411 0.00467067 0.00465653 0.00541395 0.00698256 0.00658055 0.00710603 0.00502242 0.00560157 0.08118962 0.00787972 0.00779217 0.00618975 0.00626450 0.00562433 0.00847287 0.06134814 0.00903431 0.01039280 0.05762126 0.00477857 0.00607184 0.04492327 0.05753664 0.05738916 0.05758371 0.05757737 0.05764878 0.08412088 0.07897679 0.07382285 0.07888360 0.09591686 0.05787607 0.06037247 0.04716812 0.07375204 0.08997458 0.06300260 0.06287488 0.06176744 0.06304215 0.08122839 0.06114658 0.06072787 0.05991220 0.06222510 0.06615768 0.06344172 0.06290925 0.09363114 0.07823574 0.05944659 0.05554562 0.05878603 0.06426793 0.06569063 0.04836467 0.04706346 0.07382285 0.07118952 0.07417112 0.05676333 0.06158312 0.05757256 0.06025942 0.05981538 0.05861260 0.05902686 0.06416144 0.06044387 0.07902409 
S12_R_assembled_to_Uvaria_afzelii_with_annotations__incl_from_Dogma__Copy_consensus_2                                  0.00700644 0.00677753 0.00000000 0.00726657 0.00279596 0.00681427 0.00692594 0.00787867 0.00705448 0.00828740 0.00727644 0.00689443 0.00641546 0.00669362 0.00679114 0.00724589 0.00730296 0.00653481 0.00761868 0.00691089 0.00697548 0.00295458 0.00792264 0.00714357 0.00696353 0.00603354 0.00338211 0.00694437 0.00689013 0.00658729 0.00230015 0.00668504 0.00294461 0.00657114 0.00273853 0.00940106 0.00622818 0.00752411 0.00701862 0.00686232 0.00643124 0.00279958 0.00669343 0.00774829 0.00249314 0.00717266 0.00316368 0.00651709 0.00288737 0.00738481 0.00639987 0.00643749 0.05791140 0.00631860 0.01037181 0.00598271 0.00636167 0.00635683 0.00347079 0.00453017 0.00592193 0.00730751 0.00588922 0.00413265 0.00656319 0.00676367 0.00670308 0.00409779 0.00417081 0.00406468 0.00670745 0.00656700 0.08077221 0.00573511 0.00499218 0.00694835 0.00834352 0.00715083 0.00929075 0.06084047 0.01102468 0.01014734 0.05727635 0.00601265 0.00736720 0.04401902 0.05701452 0.05680312 0.05684516 0.05669973 0.05703573 0.08349346 0.07827875 0.07409873 0.07788083 0.09738272 0.05711862 0.05995633 0.04697928 0.07401181 0.08807455 0.06287966 0.06282290 0.06069974 0.06314096 0.08075319 0.06075755 0.06069713 0.05924362 0.06259619 0.06569361 0.06330875 0.06272017 0.09423124 0.07754931 0.05885346 0.05492940 0.05876440 0.06393884 0.06449992 0.04804335 0.04631398 0.07409873 0.07107344 0.07370665 0.05637918 0.06142785 0.05778631 0.05930565 0.05937402 0.05868517 0.05906119 0.06326703 0.05937699 0.07803390 
S13_R_assembled_to_Uvaria_afzelii_with_annotations__incl_from_Dogma__Copy_consensus                                    0.00441953 0.00581596 0.00726657 0.00000000 0.00852811 0.00605449 0.00396721 0.00481918 0.00508019 0.00448581 0.00381592 0.00420846 0.00524422 0.00355606 0.00368517 0.00417465 0.00426732 0.00390928 0.00543156 0.00359394 0.00466022 0.00655461 0.00483106 0.00332857 0.00417778 0.00436359 0.00791342 0.00394573 0.00403506 0.00401899 0.00787924 0.00469192 0.00760622 0.00808626 0.00715585 0.00634093 0.00443194 0.00500988 0.00399561 0.00408442 0.00386817 0.00770311 0.00526975 0.00401247 0.00717916 0.00490139 0.00736030 0.00525096 0.00784966 0.00373570 0.00403523 0.00323093 0.05835214 0.00340621 0.01102475 0.00339471 0.00387463 0.00437808 0.00617084 0.00804244 0.00402453 0.00459845 0.00445916 0.00863752 0.00564787 0.00478359 0.00438333 0.00698912 0.00763385 0.00717075 0.00389829 0.00438901 0.08160564 0.00866083 0.00811832 0.00457760 0.00531285 0.00408434 0.00732656 0.06223133 0.00866848 0.01064859 0.05850041 0.00327865 0.00685722 0.04552313 0.05826191 0.05798099 0.05832309 0.05816806 0.05817478 0.08523257 0.07989100 0.07530098 0.07923012 0.09861386 0.05854495 0.06094375 0.04659569 0.07476842 0.09095399 0.06455916 0.06422297 0.06230514 0.06437011 0.08266270 0.06200958 0.06182747 0.06079992 0.06349305 0.06756515 0.06432178 0.06403200 0.09458607 0.07889718 0.06069603 0.05631199 0.05980951 0.06511321 0.06625387 0.04838854 0.04781983 0.07530098 0.07211788 0.07478378 0.05740448 0.06308849 0.05896578 0.06026277 0.06075505 0.05876573 0.05912925 0.06473852 0.06064228 0.07971857 
S14_R_assembled_to_Uvaria_afzelii_with_annotations__incl_from_Dogma__Copy_consensus                                    0.00789179 0.00789452 0.00279596 0.00852811 0.00000000 0.00814084 0.00808574 0.00914032 0.00758865 0.00903968 0.00757973 0.00759454 0.00715914 0.00749835 0.00743373 0.00779683 0.00779056 0.00749227 0.00908284 0.00763534 0.00725955 0.00272659 0.00891861 0.00826286 0.00779979 0.00726997 0.00310448 0.00790740 0.00778830 0.00772196 0.00325160 0.00692674 0.00254056 0.00765753 0.00325731 0.01051291 0.00731111 0.00836612 0.00732139 0.00825648 0.00724700 0.00239878 0.00738670 0.00788877 0.00269953 0.00789582 0.00395105 0.00793697 0.00268354 0.00860519 0.00727895 0.00735253 0.06017087 0.00737759 0.01097568 0.00667630 0.00684172 0.00651446 0.00449094 0.00510194 0.00592890 0.00822382 0.00645663 0.00442190 0.00727628 0.00772230 0.00718785 0.00434351 0.00443235 0.00404263 0.00787797 0.00734677 0.08229937 0.00703842 0.00629162 0.00805436 0.00879901 0.00808730 0.01088004 0.06295503 0.01131640 0.01046716 0.05957535 0.00678402 0.00773754 0.04617090 0.05900151 0.05880569 0.05905370 0.05888599 0.05905852 0.08696128 0.08108588 0.07688379 0.08038015 0.09922546 0.05929264 0.06205136 0.04877698 0.07654726 0.09178951 0.06531560 0.06505210 0.06311828 0.06574330 0.08326952 0.06277044 0.06295461 0.06204228 0.06467569 0.06736012 0.06586152 0.06424532 0.09623598 0.08040362 0.06103726 0.05685931 0.06053455 0.06629023 0.06678373 0.04997793 0.04879029 0.07688379 0.07337021 0.07563605 0.05789733 0.06392161 0.06028700 0.06165382 0.06181336 0.06098245 0.06136985 0.06506728 0.06234637 0.08042381 
S15_R_assembled_to_Uvaria_afzelii_with_annotations__incl_from_Dogma__Copy_consensus                                    0.00620093 0.00608209 0.00681427 0.00605449 0.00814084 0.00000000 0.00579247 0.00703952 0.00602413 0.00656472 0.00504671 0.00540027 0.00440165 0.00499597 0.00567252 0.00578209 0.00495711 0.00574611 0.00535973 0.00575504 0.00534574 0.00687670 0.00645474 0.00559223 0.00578002 0.00549195 0.00828875 0.00584038 0.00636615 0.00587884 0.00728036 0.00558563 0.00729438 0.00933240 0.00719223 0.00831900 0.00473852 0.00564463 0.00552722 0.00595629 0.00565001 0.00748138 0.00527527 0.00573780 0.00765421 0.00596491 0.00820956 0.00589806 0.00782976 0.00614373 0.00513736 0.00523845 0.05996493 0.00529173 0.01002420 0.00437016 0.00517499 0.00446068 0.00673644 0.00768216 0.00411659 0.00591017 0.00432265 0.00831672 0.00609231 0.00636031 0.00505116 0.00666902 0.00697524 0.00722240 0.00582946 0.00584213 0.08211050 0.00888677 0.00891514 0.00657289 0.00630873 0.00565055 0.00898987 0.06277845 0.00954225 0.01034747 0.05881462 0.00480431 0.00676803 0.04628331 0.05922669 0.05889972 0.05906311 0.05910817 0.05909556 0.08594446 0.08001820 0.07529153 0.07994325 0.09879725 0.05962270 0.06180383 0.04868383 0.07480173 0.09195538 0.06443419 0.06453021 0.06320701 0.06546789 0.08265358 0.06285005 0.06265098 0.06168464 0.06378270 0.06740357 0.06571858 0.06433784 0.09495291 0.08018304 0.06110030 0.05690523 0.06008505 0.06609681 0.06653695 0.05014559 0.04878621 0.07529153 0.07299511 0.07524269 0.05804347 0.06315497 0.05952186 0.06174658 0.06159923 0.06001361 0.06041750 0.06535143 0.06227721 0.08021030 
S16_R_assembled_to_Uvaria_afzelii_with_annotations__incl_from_Dogma__Copy_consensus                                    0.00528764 0.00474363 0.00692594 0.00396721 0.00808574 0.00579247 0.00000000 0.00475085 0.00462497 0.00443288 0.00393995 0.00307815 0.00499135 0.00358714 0.00361689 0.00386971 0.00378829 0.00328388 0.00581494 0.00341105 0.00437103 0.00715055 0.00486269 0.00386972 0.00371355 0.00430780 0.00791457 0.00385526 0.00457574 0.00355443 0.00737250 0.00409337 0.00724026 0.00888926 0.00733904 0.00614977 0.00470434 0.00509448 0.00330600 0.00392596 0.00372625 0.00713790 0.00473217 0.00376083 0.00700143 0.00391577 0.00772525 0.00451259 0.00819944 0.00405305 0.00346207 0.00315148 0.05800375 0.00344721 0.01078014 0.00321540 0.00349213 0.00385283 0.00591983 0.00736194 0.00375668 0.00377341 0.00395493 0.00857195 0.00496046 0.00509447 0.00441075 0.00714055 0.00717675 0.00675391 0.00440147 0.00415701 0.08072849 0.00802253 0.00743517 0.00394415 0.00536630 0.00428141 0.00643153 0.06088172 0.00751938 0.01015848 0.05727907 0.00311176 0.00651558 0.04440508 0.05694030 0.05681899 0.05688371 0.05699795 0.05692984 0.08384685 0.07876887 0.07328077 0.07812663 0.09692059 0.05733063 0.05973590 0.04623193 0.07349034 0.08972367 0.06323197 0.06312565 0.06117192 0.06294008 0.08091665 0.06091423 0.06060425 0.05971203 0.06216322 0.06627430 0.06291524 0.06245078 0.09368275 0.07759695 0.05933703 0.05527289 0.05846028 0.06389663 0.06513942 0.04791579 0.04673435 0.07328077 0.07053040 0.07332222 0.05619668 0.06159915 0.05742264 0.05905517 0.05910376 0.05788293 0.05839167 0.06356447 0.05947929 0.07831569 
S17_R_assembled_to_Uvaria_afzelii_with_annotations__incl_from_Dogma__Copy_consensus                                    0.00573423 0.00618969 0.00787867 0.00481918 0.00914032 0.00703952 0.00475085 0.00000000 0.00534092 0.00458153 0.00452755 0.00467175 0.00576497 0.00366083 0.00401809 0.00427218 0.00449683 0.00399270 0.00643302 0.00364419 0.00487940 0.00731539 0.00527715 0.00395739 0.00435032 0.00491603 0.00905591 0.00463320 0.00515691 0.00523316 0.00814312 0.00507188 0.00840101 0.00938517 0.00799818 0.00559260 0.00566335 0.00574640 0.00462299 0.00462279 0.00446308 0.00854695 0.00545668 0.00413771 0.00838793 0.00444782 0.00824205 0.00619293 0.00814014 0.00476183 0.00432114 0.00430938 0.05852914 0.00409569 0.01138447 0.00415541 0.00388775 0.00419895 0.00721124 0.00874271 0.00461175 0.00467506 0.00505974 0.00927674 0.00623037 0.00572352 0.00430172 0.00736839 0.00799785 0.00788775 0.00534616 0.00511424 0.08166576 0.00885392 0.00891742 0.00556972 0.00548391 0.00452011 0.00658881 0.06195265 0.00831718 0.01103480 0.05778348 0.00415988 0.00763480 0.04542029 0.05739516 0.05721286 0.05732494 0.05729720 0.05730981 0.08441569 0.07979619 0.07331951 0.07884765 0.09851991 0.05783117 0.06039856 0.04655012 0.07322892 0.09066077 0.06365520 0.06339624 0.06195232 0.06355874 0.08127062 0.06178545 0.06119513 0.06072125 0.06265872 0.06662721 0.06411829 0.06315487 0.09389929 0.07880424 0.05998452 0.05584827 0.05950864 0.06480805 0.06551945 0.04860025 0.04757082 0.07331951 0.07168412 0.07444689 0.05643637 0.06220695 0.05768476 0.05974462 0.06001980 0.05795524 0.05800806 0.06461964 0.06018265 0.07927402 
S18_R_assembled_to_Uvaria_afzelii_with_annotations__incl_from_Dogma__Copy_consensus                                    0.00494279 0.00582981 0.00705448 0.00508019 0.00758865 0.00602413 0.00462497 0.00534092 0.00000000 0.00598832 0.00466893 0.00427533 0.00494456 0.00425308 0.00411827 0.00442960 0.00457423 0.00432747 0.00700837 0.00408593 0.00385701 0.00697925 0.00538717 0.00484099 0.00457901 0.00451033 0.00791668 0.00444919 0.00441535 0.00441983 0.00738018 0.00377295 0.00733422 0.00948444 0.00664613 0.00767886 0.00521697 0.00600398 0.00395419 0.00472529 0.00369132 0.00676018 0.00535046 0.00487337 0.00730641 0.00447894 0.00824232 0.00558402 0.00759065 0.00515319 0.00391296 0.00403883 0.05914131 0.00442705 0.01069802 0.00347523 0.00376578 0.00376720 0.00672133 0.00729218 0.00316660 0.00473868 0.00402925 0.00807865 0.00541961 0.00627363 0.00379882 0.00643720 0.00654661 0.00657040 0.00501443 0.00405193 0.08143798 0.00863252 0.00766883 0.00470559 0.00544570 0.00472892 0.00758074 0.06195811 0.00815925 0.01006385 0.05804534 0.00342724 0.00665677 0.04574197 0.05810554 0.05787629 0.05810322 0.05817009 0.05795299 0.08546016 0.07982097 0.07481655 0.07932036 0.09718222 0.05839120 0.06107883 0.04778291 0.07502619 0.09079289 0.06408198 0.06405717 0.06210280 0.06445775 0.08242587 0.06172135 0.06117141 0.06052781 0.06330726 0.06689189 0.06447565 0.06316425 0.09427061 0.07867700 0.06007671 0.05575471 0.05924106 0.06471685 0.06606211 0.04907245 0.04800114 0.07481655 0.07197534 0.07406334 0.05722142 0.06279909 0.05892522 0.06073190 0.06059748 0.05966752 0.06033201 0.06460314 0.06115575 0.07938988 
S19_R_assembled_to_Uvaria_afzelii_with_annotations__incl_from_Dogma__Copy_consensus                                    0.00450942 0.00636557 0.00828740 0.00448581 0.00903968 0.00656472 0.00443288 0.00458153 0.00598832 0.00000000 0.00432274 0.00473800 0.00584776 0.00372606 0.00453438 0.00454186 0.00499738 0.00406960 0.00501327 0.00361536 0.00517627 0.00729835 0.00558326 0.00355176 0.00423336 0.00472875 0.00812568 0.00435758 0.00496104 0.00477302 0.00803783 0.00512052 0.00893856 0.00842437 0.00798002 0.00559673 0.00496733 0.00506428 0.00490999 0.00485465 0.00449199 0.00845325 0.00585606 0.00452280 0.00763573 0.00498038 0.00748519 0.00592820 0.00799035 0.00483394 0.00425780 0.00445776 0.05812039 0.00389202 0.01164080 0.00460443 0.00408031 0.00420350 0.00699032 0.00856574 0.00510559 0.00472694 0.00512799 0.00903162 0.00670899 0.00595738 0.00455505 0.00772135 0.00789629 0.00776184 0.00547060 0.00530652 0.08193599 0.00921439 0.00897868 0.00586356 0.00650212 0.00458482 0.00677116 0.06266861 0.00902540 0.01178269 0.05810105 0.00428210 0.00737067 0.04562945 0.05775360 0.05744457 0.05770065 0.05776455 0.05775081 0.08476410 0.07975718 0.07432325 0.08012664 0.10095709 0.05792221 0.06086094 0.04663657 0.07420649 0.09006333 0.06380529 0.06375719 0.06253793 0.06372917 0.08288263 0.06259278 0.06218270 0.06086357 0.06338148 0.06706479 0.06432221 0.06397107 0.09472550 0.07957482 0.06053280 0.05647086 0.06037840 0.06534940 0.06519985 0.04822235 0.04749105 0.07432325 0.07215735 0.07486770 0.05713415 0.06262275 0.05819799 0.06005543 0.06011090 0.05764115 0.05798446 0.06512517 0.05997072 0.08046578 
S1_ATTACTCG-TATAGCCT_L001_R_001_assembled_to_Uvaria_afzelii_with_annotations__incl_from_Dogma__Copy_consensus_2        0.00436947 0.00489795 0.00727644 0.00381592 0.00757973 0.00504671 0.00393995 0.00452755 0.00466893 0.00432274 0.00000000 0.00393490 0.00477412 0.00327434 0.00411739 0.00387845 0.00360046 0.00365572 0.00494330 0.00399131 0.00391364 0.00706164 0.00431488 0.00381687 0.00431700 0.00415819 0.00765896 0.00360192 0.00410546 0.00391246 0.00705866 0.00431003 0.00762327 0.00861916 0.00700379 0.00620437 0.00467237 0.00484871 0.00396457 0.00440652 0.00373877 0.00732063 0.00500007 0.00493852 0.00720175 0.00388401 0.00732936 0.00481644 0.00731737 0.00485124 0.00375155 0.00371658 0.05780169 0.00321797 0.01017489 0.00351602 0.00376912 0.00422318 0.00609412 0.00720951 0.00394805 0.00472028 0.00417367 0.00857165 0.00501961 0.00567068 0.00364174 0.00703202 0.00676761 0.00697064 0.00427967 0.00366791 0.08130224 0.00828657 0.00751286 0.00503203 0.00494349 0.00375440 0.00670746 0.06113876 0.00848735 0.01045324 0.05756298 0.00415530 0.00640504 0.04460681 0.05693573 0.05659433 0.05670702 0.05681133 0.05707650 0.08335556 0.07855728 0.07316146 0.07893312 0.09649771 0.05696537 0.05951307 0.04687247 0.07306414 0.08944764 0.06227815 0.06266606 0.06112762 0.06271818 0.08095452 0.06114632 0.06061093 0.05930244 0.06214301 0.06580695 0.06290162 0.06321458 0.09395981 0.07806280 0.05924382 0.05565082 0.05901009 0.06380134 0.06429514 0.04822521 0.04709896 0.07316146 0.07086766 0.07381925 0.05635186 0.06112867 0.05742642 0.05966443 0.05967935 0.05828704 0.05831534 0.06425219 0.05937682 0.07887869 
S20_R_assembled_to_Uvaria_afzelii_with_annotations__incl_from_Dogma__Copy_consensus                                    0.00505798 0.00503798 0.00689443 0.00420846 0.00759454 0.00540027 0.00307815 0.00467175 0.00427533 0.00473800 0.00393490 0.00000000 0.00471535 0.00295676 0.00339554 0.00361522 0.00343195 0.00334589 0.00625178 0.00375167 0.00381044 0.00703039 0.00479240 0.00368629 0.00353306 0.00395533 0.00726414 0.00366900 0.00429403 0.00291523 0.00708727 0.00364687 0.00714224 0.00935975 0.00677811 0.00693772 0.00442167 0.00518753 0.00297595 0.00369405 0.00310519 0.00681828 0.00466683 0.00442407 0.00683823 0.00341468 0.00766462 0.00446467 0.00761589 0.00434720 0.00276113 0.00309637 0.05827434 0.00312193 0.01040210 0.00220797 0.00327978 0.00342076 0.00611874 0.00700074 0.00326272 0.00387696 0.00353318 0.00808516 0.00464117 0.00521091 0.00387375 0.00634854 0.00665682 0.00674156 0.00380473 0.00385609 0.08144995 0.00834428 0.00713693 0.00419431 0.00539383 0.00414462 0.00658173 0.06135521 0.00767575 0.01029837 0.05811103 0.00279616 0.00606200 0.04497461 0.05743127 0.05711146 0.05739972 0.05730816 0.05746423 0.08451322 0.07892944 0.07442917 0.07893498 0.09619558 0.05752217 0.06025802 0.04726651 0.07425528 0.09014719 0.06377813 0.06350581 0.06164901 0.06375949 0.08176895 0.06162833 0.06118557 0.06002281 0.06298763 0.06652820 0.06345622 0.06309452 0.09456973 0.07791761 0.05984075 0.05569081 0.05933523 0.06422684 0.06554893 0.04872162 0.04724123 0.07442917 0.07094898 0.07385740 0.05678325 0.06242335 0.05830042 0.05981128 0.06010639 0.05907230 0.05933549 0.06418198 0.05992146 0.07880276 
S21_R_assembled_to_Uvaria_afzelii_with_annotations__incl_from_Dogma__Copy_consensus                                    0.00495643 0.00495098 0.00641546 0.00524422 0.00715914 0.00440165 0.00499135 0.00576497 0.00494456 0.00584776 0.00477412 0.00471535 0.00000000 0.00439270 0.00493125 0.00467763 0.00475368 0.00456419 0.00519969 0.00510740 0.00456612 0.00655301 0.00548117 0.00493637 0.00473362 0.00451313 0.00725101 0.00468045 0.00500617 0.00434701 0.00599544 0.00463465 0.00717785 0.00889053 0.00623187 0.00801516 0.00362136 0.00489656 0.00468366 0.00489828 0.00444332 0.00625153 0.00424510 0.00543642 0.00666219 0.00483683 0.00731846 0.00497150 0.00690269 0.00590899 0.00411643 0.00457723 0.05937534 0.00407568 0.00990210 0.00422290 0.00456971 0.00401896 0.00583620 0.00660370 0.00359651 0.00556258 0.00391072 0.00792178 0.00513474 0.00531668 0.00475439 0.00615216 0.00599701 0.00620935 0.00518051 0.00464974 0.08143495 0.00795460 0.00715635 0.00535705 0.00604518 0.00503738 0.00789376 0.06211505 0.00917018 0.00995972 0.05862749 0.00436801 0.00616860 0.04554584 0.05822712 0.05793753 0.05828803 0.05828052 0.05831911 0.08490143 0.07964562 0.07437369 0.07965918 0.09763796 0.05836513 0.06102656 0.04777457 0.07446470 0.09019179 0.06411415 0.06380698 0.06282579 0.06384549 0.08213999 0.06244855 0.06207806 0.06082084 0.06330360 0.06697854 0.06420040 0.06376010 0.09470224 0.07877681 0.06073733 0.05619289 0.06007697 0.06507328 0.06527585 0.04886236 0.04785718 0.07437369 0.07158352 0.07470130 0.05736227 0.06274128 0.05839506 0.06047692 0.06053315 0.05889347 0.05928606 0.06480098 0.06056052 0.07941215 
S22_R_assembled_to_Uvaria_afzelii_with_annotations__incl_from_Dogma__Copy_consensus                                    0.00450916 0.00467318 0.00669362 0.00355606 0.00749835 0.00499597 0.00358714 0.00366083 0.00425308 0.00372606 0.00327434 0.00295676 0.00439270 0.00000000 0.00318741 0.00288745 0.00279094 0.00257479 0.00519267 0.00318902 0.00364906 0.00672711 0.00427702 0.00265938 0.00347450 0.00419512 0.00757584 0.00360736 0.00433219 0.00370010 0.00652554 0.00338747 0.00707042 0.00825853 0.00688105 0.00576799 0.00426513 0.00500392 0.00287972 0.00341443 0.00332145 0.00698150 0.00435475 0.00386409 0.00704351 0.00271053 0.00721733 0.00505759 0.00710316 0.00410286 0.00304451 0.00284386 0.05846210 0.00258566 0.01004654 0.00231927 0.00267639 0.00333232 0.00589798 0.00708939 0.00330701 0.00407866 0.00407468 0.00828275 0.00483686 0.00524579 0.00342429 0.00657005 0.00651694 0.00653502 0.00390126 0.00408404 0.08140096 0.00799989 0.00719873 0.00421831 0.00526956 0.00340214 0.00622140 0.06161951 0.00738409 0.01011517 0.05820263 0.00318538 0.00622673 0.04484727 0.05813277 0.05779365 0.05806444 0.05805901 0.05797712 0.08459238 0.07906974 0.07398148 0.07884440 0.09673463 0.05835797 0.06060238 0.04701281 0.07390336 0.09045085 0.06363081 0.06323618 0.06186102 0.06343438 0.08120152 0.06165040 0.06148350 0.06037781 0.06251735 0.06631914 0.06399380 0.06320450 0.09374787 0.07823241 0.05999427 0.05579401 0.05940680 0.06456526 0.06609590 0.04839059 0.04730297 0.07398148 0.07148171 0.07430151 0.05709018 0.06211408 0.05774335 0.06000002 0.06021798 0.05853284 0.05890684 0.06428659 0.06029501 0.07877102 
S23_R_assembled_to_Uvaria_afzelii_with_annotations__incl_from_Dogma__Copy_consensus_2                                  0.00442535 0.00483264 0.00679114 0.00368517 0.00743373 0.00567252 0.00361689 0.00401809 0.00411827 0.00453438 0.00411739 0.00339554 0.00493125 0.00318741 0.00000000 0.00380838 0.00401468 0.00350402 0.00545381 0.00345514 0.00415436 0.00658615 0.00481434 0.00335704 0.00395538 0.00354819 0.00723559 0.00364059 0.00400316 0.00323488 0.00704222 0.00426834 0.00710859 0.00858201 0.00685817 0.00616179 0.00418229 0.00517884 0.00341030 0.00373415 0.00321037 0.00690997 0.00499382 0.00450882 0.00682742 0.00384781 0.00689382 0.00481984 0.00713077 0.00336140 0.00301712 0.00278378 0.05712703 0.00276695 0.01057616 0.00245947 0.00373701 0.00397317 0.00576900 0.00680570 0.00365518 0.00373802 0.00367619 0.00806977 0.00483912 0.00481569 0.00378862 0.00694758 0.00687295 0.00647559 0.00409246 0.00383498 0.08062840 0.00745850 0.00693425 0.00402011 0.00565282 0.00419119 0.00588598 0.06042279 0.00832209 0.01055079 0.05646263 0.00293446 0.00636461 0.04354774 0.05550073 0.05511413 0.05531086 0.05547315 0.05547613 0.08219550 0.07809993 0.07223884 0.07769735 0.09735656 0.05563608 0.05844244 0.04608574 0.07247023 0.08802535 0.06204483 0.06215756 0.06006341 0.06198642 0.08033463 0.06038102 0.05979093 0.05860581 0.06174681 0.06497015 0.06217806 0.06156705 0.09306409 0.07685660 0.05848189 0.05434926 0.05835028 0.06275564 0.06328864 0.04701784 0.04591652 0.07223884 0.06959085 0.07237172 0.05505996 0.06070874 0.05658495 0.05810993 0.05820727 0.05714028 0.05755592 0.06282267 0.05806391 0.07783821 
S24_R_assembled_to_Uvaria_afzelii_with_annotations__incl_from_Dogma__Copy_consensus                                    0.00490954 0.00563616 0.00724589 0.00417465 0.00779683 0.00578209 0.00386971 0.00427218 0.00442960 0.00454186 0.00387845 0.00361522 0.00467763 0.00288745 0.00380838 0.00000000 0.00325956 0.00380024 0.00584595 0.00345276 0.00374598 0.00676895 0.00456042 0.00296866 0.00367692 0.00419144 0.00787490 0.00396208 0.00426095 0.00368245 0.00721993 0.00371681 0.00735994 0.00915799 0.00682189 0.00614444 0.00467265 0.00520469 0.00171380 0.00364648 0.00356042 0.00720104 0.00475123 0.00416669 0.00752489 0.00345328 0.00787149 0.00519385 0.00757027 0.00428146 0.00314883 0.00343495 0.05872357 0.00312662 0.01051747 0.00301909 0.00308957 0.00327663 0.00654660 0.00735985 0.00339119 0.00400518 0.00378685 0.00838532 0.00495517 0.00566484 0.00376978 0.00636639 0.00637919 0.00681745 0.00433734 0.00395910 0.08145962 0.00835710 0.00752643 0.00461061 0.00512988 0.00364349 0.00670176 0.06167291 0.00781346 0.01039046 0.05831634 0.00348419 0.00634415 0.04547128 0.05840254 0.05815769 0.05839377 0.05841499 0.05840411 0.08513580 0.07922412 0.07438677 0.07935300 0.09677366 0.05865046 0.06096384 0.04776038 0.07411988 0.09121429 0.06344673 0.06343825 0.06243336 0.06407563 0.08161960 0.06180835 0.06152528 0.06074658 0.06278650 0.06611791 0.06467432 0.06323043 0.09398291 0.07873979 0.05995669 0.05600480 0.05971766 0.06481549 0.06588487 0.04899672 0.04781642 0.07438677 0.07179438 0.07436654 0.05740854 0.06243941 0.05860038 0.06064118 0.06083603 0.05928554 0.05952108 0.06448578 0.06099190 0.07919006 
S25_R_assembled_to_Uvaria_afzelii_with_annotations__incl_from_Dogma__Copy_consensus                                    0.00544402 0.00539504 0.00730296 0.00426732 0.00779056 0.00495711 0.00378829 0.00449683 0.00457423 0.00499738 0.00360046 0.00343195 0.00475368 0.00279094 0.00401468 0.00325956 0.00000000 0.00358263 0.00626614 0.00376469 0.00344272 0.00717756 0.00487717 0.00303279 0.00401491 0.00458822 0.00801985 0.00411441 0.00481530 0.00379003 0.00700729 0.00303575 0.00711632 0.00965578 0.00710810 0.00656015 0.00497197 0.00526396 0.00340943 0.00296895 0.00355172 0.00737998 0.00488082 0.00463651 0.00765554 0.00308296 0.00795156 0.00528224 0.00719066 0.00490332 0.00342579 0.00361976 0.05905168 0.00314257 0.01039054 0.00272885 0.00316956 0.00359394 0.00614507 0.00737414 0.00383432 0.00354291 0.00419174 0.00863012 0.00502860 0.00618311 0.00351201 0.00687120 0.00665448 0.00680336 0.00440036 0.00407768 0.08210543 0.00834618 0.00780653 0.00480635 0.00510368 0.00336204 0.00653837 0.06162908 0.00804174 0.01037498 0.05792638 0.00354892 0.00664115 0.04529462 0.05819509 0.05786210 0.05802655 0.05802960 0.05819286 0.08413606 0.07930607 0.07412823 0.07922436 0.09657838 0.05841219 0.06068182 0.04805280 0.07407836 0.09083347 0.06350055 0.06334216 0.06188908 0.06405188 0.08138988 0.06171333 0.06132785 0.06048098 0.06268751 0.06644299 0.06432385 0.06354251 0.09392052 0.07844348 0.05994261 0.05560947 0.05933275 0.06450851 0.06606923 0.04886546 0.04769337 0.07412823 0.07157998 0.07449105 0.05707621 0.06218206 0.05795892 0.06020606 0.06013364 0.05897090 0.05916294 0.06449479 0.06048127 0.07903742 
S26_R_assembled_to_Uvaria_afzelii_with_annotations__incl_from_Dogma__Copy_consensus                                    0.00418807 0.00545725 0.00653481 0.00390928 0.00749227 0.00574611 0.00328388 0.00399270 0.00432747 0.00406960 0.00365572 0.00334589 0.00456419 0.00257479 0.00350402 0.00380024 0.00358263 0.00000000 0.00546625 0.00285996 0.00393153 0.00663982 0.00464934 0.00346905 0.00295124 0.00398733 0.00764083 0.00406246 0.00405023 0.00334565 0.00696435 0.00277762 0.00745793 0.00851008 0.00678655 0.00611993 0.00430988 0.00495381 0.00322562 0.00341084 0.00337781 0.00688736 0.00502138 0.00369300 0.00755963 0.00360562 0.00709012 0.00455330 0.00763410 0.00453129 0.00359545 0.00326443 0.05857250 0.00390120 0.01052557 0.00317920 0.00251763 0.00286045 0.00602692 0.00697033 0.00280859 0.00387551 0.00379624 0.00811185 0.00515064 0.00499745 0.00412457 0.00631627 0.00678075 0.00685215 0.00461499 0.00417272 0.08141249 0.00903045 0.00794635 0.00476276 0.00525869 0.00363063 0.00675769 0.06190009 0.00754100 0.01015124 0.05853111 0.00324178 0.00664780 0.04554384 0.05854014 0.05816718 0.05843237 0.05857031 0.05858397 0.08585385 0.07935342 0.07534015 0.07942174 0.09737748 0.05881417 0.06121361 0.04747740 0.07474608 0.09062748 0.06418241 0.06392821 0.06226456 0.06462525 0.08260771 0.06214741 0.06192841 0.06053825 0.06354239 0.06711428 0.06450252 0.06352138 0.09406294 0.07893538 0.06008880 0.05642658 0.05972332 0.06491450 0.06586710 0.04895606 0.04778315 0.07534015 0.07195667 0.07436693 0.05762888 0.06294832 0.05932931 0.06098072 0.06096169 0.05991963 0.06015235 0.06447290 0.06087534 0.07974726 
S27_R_assembled_to_Uvaria_afzelii_with_annotations__incl_from_Dogma__Copy_consensus                                    0.00502016 0.00675617 0.00761868 0.00543156 0.00908284 0.00535973 0.00581494 0.00643302 0.00700837 0.00501327 0.00494330 0.00625178 0.00519969 0.00519267 0.00545381 0.00584595 0.00626614 0.00546625 0.00000000 0.00511263 0.00598923 0.00705531 0.00605327 0.00523923 0.00598569 0.00539162 0.00855162 0.00525149 0.00540666 0.00576674 0.00798198 0.00639318 0.00874793 0.00817463 0.00797314 0.00691603 0.00444412 0.00471390 0.00584756 0.00649247 0.00597585 0.00817188 0.00534484 0.00481889 0.00741312 0.00662498 0.00789080 0.00583999 0.00839119 0.00539899 0.00532827 0.00521168 0.05842649 0.00473174 0.01142637 0.00602503 0.00591680 0.00503424 0.00700547 0.00874075 0.00528246 0.00614343 0.00517361 0.00838047 0.00647182 0.00553081 0.00574328 0.00767822 0.00801655 0.00782783 0.00604324 0.00634906 0.08167483 0.00907761 0.00901874 0.00642011 0.00647696 0.00607969 0.00863911 0.06254297 0.00993334 0.01123437 0.05789494 0.00496889 0.00741568 0.04606008 0.05832507 0.05775368 0.05811041 0.05804490 0.05799379 0.08541368 0.07985698 0.07471776 0.07936877 0.09978819 0.05854770 0.06063710 0.04609115 0.07421764 0.09144842 0.06462990 0.06439743 0.06308141 0.06456655 0.08233561 0.06244236 0.06212059 0.06130541 0.06356692 0.06755842 0.06498912 0.06416488 0.09478412 0.07951215 0.06098636 0.05669820 0.06007962 0.06560558 0.06588881 0.04832701 0.04812385 0.07471776 0.07207822 0.07473252 0.05736301 0.06314970 0.05862037 0.06054375 0.06108246 0.05802959 0.05849230 0.06545532 0.06090002 0.08012688 
S28_R_assembled_to_Uvaria_afzelii_with_annotations__incl_from_Dogma__Copy_consensus                                    0.00406691 0.00539020 0.00691089 0.00359394 0.00763534 0.00575504 0.00341105 0.00364419 0.00408593 0.00361536 0.00399131 0.00375167 0.00510740 0.00318902 0.00345514 0.00345276 0.00376469 0.00285996 0.00511263 0.00000000 0.00429115 0.00677942 0.00449583 0.00257391 0.00334267 0.00380907 0.00739400 0.00407175 0.00386390 0.00377847 0.00719231 0.00401218 0.00705065 0.00767073 0.00674316 0.00527910 0.00454481 0.00494185 0.00350396 0.00386295 0.00317284 0.00724159 0.00536486 0.00334285 0.00670361 0.00352203 0.00689972 0.00496339 0.00713606 0.00367407 0.00338450 0.00334949 0.05706428 0.00347830 0.01049828 0.00345476 0.00291452 0.00394522 0.00605682 0.00751531 0.00369656 0.00380967 0.00420763 0.00799367 0.00496048 0.00470049 0.00374568 0.00650700 0.00716336 0.00643834 0.00397905 0.00383083 0.07998024 0.00797724 0.00745513 0.00451251 0.00547188 0.00403866 0.00560308 0.06034517 0.00799467 0.01082709 0.05638278 0.00326294 0.00655746 0.04381287 0.05578810 0.05556512 0.05574048 0.05560964 0.05559235 0.08292212 0.07807037 0.07220985 0.07739908 0.09900558 0.05603719 0.05880382 0.04536456 0.07284074 0.08798602 0.06227642 0.06255271 0.06050622 0.06256292 0.08059910 0.06033753 0.05977963 0.05881287 0.06178997 0.06577139 0.06266437 0.06178054 0.09277913 0.07691099 0.05893191 0.05428090 0.05805186 0.06317077 0.06368735 0.04704580 0.04603131 0.07220985 0.06981999 0.07269051 0.05534648 0.06133978 0.05649946 0.05799870 0.05835050 0.05682468 0.05707016 0.06338301 0.05823941 0.07792342 
S29_R_assembled_to_Uvaria_afzelii_with_annotations__incl_from_Dogma__Copy_consensus                                    0.00456573 0.00527315 0.00697548 0.00466022 0.00725955 0.00534574 0.00437103 0.00487940 0.00385701 0.00517627 0.00391364 0.00381044 0.00456612 0.00364906 0.00415436 0.00374598 0.00344272 0.00393153 0.00598923 0.00429115 0.00000000 0.00685925 0.00438170 0.00368399 0.00416018 0.00389610 0.00747260 0.00377550 0.00388906 0.00376173 0.00661283 0.00391032 0.00717930 0.00900999 0.00661996 0.00670418 0.00457737 0.00539048 0.00364430 0.00413544 0.00344614 0.00660269 0.00469685 0.00484006 0.00711636 0.00406300 0.00745038 0.00530987 0.00690932 0.00487203 0.00346143 0.00372477 0.05906556 0.00341011 0.00996514 0.00339033 0.00351245 0.00341834 0.00588225 0.00711692 0.00342228 0.00458224 0.00378761 0.00804487 0.00537079 0.00553681 0.00260407 0.00644829 0.00608586 0.00656178 0.00402462 0.00362707 0.08114716 0.00808124 0.00794283 0.00449346 0.00474191 0.00412262 0.00683491 0.06172969 0.00851279 0.01007129 0.05813919 0.00342615 0.00631701 0.04517411 0.05763840 0.05728253 0.05745214 0.05755096 0.05754904 0.08489196 0.07943431 0.07415125 0.07903279 0.09777023 0.05777832 0.06055955 0.04792223 0.07429614 0.09001472 0.06355425 0.06339994 0.06187976 0.06329317 0.08124391 0.06154459 0.06141251 0.06037831 0.06244774 0.06631816 0.06391779 0.06318035 0.09446895 0.07855951 0.05999292 0.05614840 0.05952330 0.06443450 0.06592005 0.04892443 0.04751475 0.07415125 0.07128480 0.07435539 0.05680689 0.06223583 0.05820332 0.06025510 0.06023669 0.05898819 0.05932747 0.06443048 0.06030841 0.07910929 
S2_ATTACTCG-ATAGAGGC_L001_R_001_assembled_to_Uvaria_afzelii_with_annotations__incl_from_Dogma__Copy_consensus          0.00656933 0.00696932 0.00295458 0.00655461 0.00272659 0.00687670 0.00715055 0.00731539 0.00697925 0.00729835 0.00706164 0.00703039 0.00655301 0.00672711 0.00658615 0.00676895 0.00717756 0.00663982 0.00705531 0.00677942 0.00685925 0.00000000 0.00748583 0.00720692 0.00685844 0.00636606 0.00302044 0.00697233 0.00655350 0.00692499 0.00297859 0.00665722 0.00279423 0.00618496 0.00325366 0.00856284 0.00601651 0.00690052 0.00671615 0.00693350 0.00644564 0.00288022 0.00672161 0.00700416 0.00246694 0.00734647 0.00329496 0.00687133 0.00262008 0.00675726 0.00634647 0.00630374 0.05801808 0.00642991 0.01024298 0.00627572 0.00613998 0.00590792 0.00377446 0.00446301 0.00564223 0.00725044 0.00582945 0.00384932 0.00648108 0.00665359 0.00664978 0.00370804 0.00415638 0.00396605 0.00670642 0.00642206 0.08119957 0.00624887 0.00470710 0.00681841 0.00807946 0.00670462 0.00948195 0.06124180 0.01114519 0.00994146 0.05767341 0.00632791 0.00713923 0.04443032 0.05656225 0.05631905 0.05652182 0.05639166 0.05667165 0.08323976 0.07846564 0.07401482 0.07870468 0.09703542 0.05682949 0.05976886 0.04656308 0.07433924 0.08852334 0.06336735 0.06333678 0.06116898 0.06333899 0.08143598 0.06132528 0.06105963 0.05969666 0.06309835 0.06586074 0.06355664 0.06278939 0.09397000 0.07803948 0.05921419 0.05546640 0.05881989 0.06413821 0.06486257 0.04796692 0.04673633 0.07401482 0.07126229 0.07365174 0.05606980 0.06192438 0.05776552 0.05933938 0.05975374 0.05849390 0.05881519 0.06326766 0.05945302 0.07859726 
S30_R_assembled_to_Uvaria_afzelii_with_annotations__incl_from_Dogma__Copy_consensus                                    0.00565598 0.00585467 0.00792264 0.00483106 0.00891861 0.00645474 0.00486269 0.00527715 0.00538717 0.00558326 0.00431488 0.00479240 0.00548117 0.00427702 0.00481434 0.00456042 0.00487717 0.00464934 0.00605327 0.00449583 0.00438170 0.00748583 0.00000000 0.00424133 0.00516826 0.00506573 0.00866607 0.00471093 0.00491112 0.00453750 0.00798613 0.00530717 0.00823238 0.00929618 0.00812422 0.00674595 0.00524351 0.00587771 0.00482937 0.00468416 0.00436800 0.00840562 0.00553627 0.00542851 0.00798171 0.00497267 0.00829698 0.00562919 0.00805108 0.00527217 0.00441491 0.00434420 0.05860105 0.00436960 0.01158616 0.00438394 0.00438572 0.00465433 0.00703846 0.00832812 0.00439637 0.00512596 0.00486551 0.00919012 0.00598960 0.00640914 0.00428901 0.00746445 0.00743471 0.00745894 0.00509836 0.00475710 0.08214946 0.00876154 0.00866573 0.00563470 0.00584570 0.00453088 0.00772545 0.06201071 0.00932225 0.01157841 0.05845059 0.00441514 0.00746466 0.04564043 0.05789995 0.05755984 0.05782429 0.05779286 0.05788549 0.08470150 0.07977453 0.07428733 0.07968402 0.09927813 0.05810757 0.06091442 0.04754596 0.07401262 0.09052653 0.06386924 0.06346372 0.06212573 0.06388236 0.08186162 0.06224675 0.06176405 0.06076911 0.06339754 0.06669965 0.06430003 0.06374324 0.09541535 0.07868061 0.06027634 0.05657494 0.06004261 0.06479641 0.06627198 0.04880299 0.04780916 0.07428733 0.07179971 0.07460047 0.05703586 0.06243754 0.05826352 0.06062525 0.06062664 0.05886651 0.05930089 0.06468508 0.06059054 0.07943479 
S31_R_assembled_to_Uvaria_afzelii_with_annotations__incl_from_Dogma__Copy_consensus                                    0.00476624 0.00538537 0.00714357 0.00332857 0.00826286 0.00559223 0.00386972 0.00395739 0.00484099 0.00355176 0.00381687 0.00368629 0.00493637 0.00265938 0.00335704 0.00296866 0.00303279 0.00346905 0.00523923 0.00257391 0.00368399 0.00720692 0.00424133 0.00000000 0.00328404 0.00429890 0.00804395 0.00403645 0.00418250 0.00403294 0.00724708 0.00412205 0.00709651 0.00842072 0.00706236 0.00533132 0.00471592 0.00524807 0.00328712 0.00417935 0.00368135 0.00777582 0.00492371 0.00370342 0.00747419 0.00315097 0.00759311 0.00515985 0.00763686 0.00391507 0.00337990 0.00333688 0.05784633 0.00323223 0.01103624 0.00315624 0.00262521 0.00364652 0.00636835 0.00802914 0.00375528 0.00352736 0.00458231 0.00857753 0.00517429 0.00482653 0.00362273 0.00683150 0.00734639 0.00700024 0.00427534 0.00456230 0.08099715 0.00818997 0.00799276 0.00476314 0.00515474 0.00375542 0.00635174 0.06110831 0.00766517 0.01092034 0.05726299 0.00329310 0.00677000 0.04512554 0.05770240 0.05748538 0.05760134 0.05769322 0.05765726 0.08441722 0.07896703 0.07395200 0.07904752 0.09764728 0.05820617 0.06029924 0.04658902 0.07390164 0.09070476 0.06298865 0.06301352 0.06158203 0.06368925 0.08143806 0.06133750 0.06087723 0.06011235 0.06227169 0.06606450 0.06393034 0.06300826 0.09304514 0.07855737 0.05987347 0.05577119 0.05879680 0.06425647 0.06588229 0.04815825 0.04737465 0.07395200 0.07128816 0.07391047 0.05669313 0.06179252 0.05779838 0.05960309 0.05988595 0.05797473 0.05825076 0.06417524 0.06024583 0.07897329 
