50
Artabotrys_hexapetalus_Abbott23913_2_assembled_to_Uvaria_afzelii_with_annotations__incl_from_Dogma__Copy_consensus     0.00000000 0.04426115 0.04392487 0.04446496 0.04450531 0.04451815 0.07331904 0.06718013 0.06130523 0.06691701 0.08731837 0.04466247 0.04602569 0.03163304 0.06110644 0.07999375 0.05063061 0.05026184 0.04856309 0.05075108 0.06986535 0.04831282 0.04854345 0.04700822 0.04994789 0.05270254 0.05092314 0.04975093 0.08338993 0.06707493 0.04605834 0.03571904 0.04609989 0.05126071 0.05220249 0.03198827 0.03125645 0.06130523 0.05844553 0.05971576 0.04322734 0.04892742 0.04424443 0.04595877 0.04628828 0.04537320 0.04540344 0.05106450 0.04590699 0.06745389 
Asimina_obovata_Abbott23747_2_assembled_to_Uvaria_afzelii_with_annotations__incl_from_Dogma__Copy_consensus            0.04426115 0.00000000 0.00259224 0.00163598 0.00199392 0.00251861 0.08565377 0.07924552 0.04336975 0.07866493 0.09003524 0.00248272 0.02335558 0.04506425 0.04286998 0.09284176 0.06260753 0.06234619 0.06119362 0.06309836 0.08205498 0.06050295 0.06005867 0.05938622 0.06251968 0.06507697 0.06340915 0.06168172 0.09499269 0.07914684 0.05841691 0.05358190 0.05844658 0.06388184 0.03388638 0.04747017 0.04581579 0.04336975 0.04037438 0.04247282 0.00503203 0.06174858 0.04258125 0.04383752 0.04363863 0.04279350 0.04309867 0.06327843 0.04316331 0.07938533 
Asimina_parviflora_Abbott20528_2_assembled_to_Uvaria_afzelii_with_annotations__incl_from_Dogma__Copy_consensus         0.04392487 0.00259224 0.00000000 0.00263607 0.00274649 0.00276681 0.08508370 0.07857294 0.04282319 0.07847943 0.09011491 0.00291452 0.02314370 0.04496115 0.04251685 0.09227279 0.06229126 0.06216509 0.06076260 0.06281750 0.08176540 0.06020873 0.05958267 0.05902476 0.06214220 0.06490307 0.06321722 0.06138630 0.09451889 0.07871506 0.05783811 0.05330777 0.05814139 0.06363222 0.03338754 0.04718692 0.04541580 0.04282319 0.03970599 0.04202842 0.00522496 0.06156905 0.04268264 0.04381477 0.04357298 0.04271327 0.04288847 0.06305295 0.04320781 0.07900561 
Asimina_pygmaea_Abbott22471_2_assembled_to_Uvaria_afzelii_with_annotations__incl_from_Dogma__Copy_consensus            0.04446496 0.00163598 0.00263607 0.00000000 0.00119742 0.00175450 0.08541356 0.07848721 0.04330863 0.07861325 0.09019631 0.00188168 0.02311068 0.04529332 0.04243707 0.09269011 0.06239810 0.06221972 0.06114409 0.06322288 0.08187929 0.06028397 0.05980410 0.05928893 0.06218418 0.06489611 0.06364984 0.06140372 0.09417499 0.07882877 0.05832864 0.05333933 0.05845401 0.06400372 0.03367609 0.04737689 0.04551770 0.04330863 0.03999550 0.04215020 0.00516589 0.06151934 0.04275922 0.04426650 0.04380384 0.04282313 0.04312082 0.06323743 0.04362617 0.07907796 
Asimina_reticulata_Abbott22466_2_assembled_to_Uvaria_afzelii_with_annotations__incl_from_Dogma__Copy_consensus         0.04450531 0.00199392 0.00274649 0.00119742 0.00000000 0.00212934 0.08516821 0.07877499 0.04326323 0.07855875 0.09015571 0.00194956 0.02349488 0.04501623 0.04276251 0.09267073 0.06256805 0.06227691 0.06126528 0.06315552 0.08207016 0.06045663 0.05967321 0.05932778 0.06239643 0.06513639 0.06338574 0.06144252 0.09410519 0.07917991 0.05832120 0.05352283 0.05853911 0.06415023 0.03378398 0.04745974 0.04567829 0.04326323 0.04012100 0.04213057 0.00513025 0.06157598 0.04253596 0.04400635 0.04350368 0.04243172 0.04262833 0.06318431 0.04347306 0.07929168 
Asimina_tetramera_Abbott14312_2_assembled_to_Uvaria_afzelii_with_annotations__incl_from_Dogma__Copy_consensus          0.04451815 0.00251861 0.00276681 0.00175450 0.00212934 0.00000000 0.08536232 0.07911373 0.04367524 0.07882129 0.09021162 0.00258086 0.02331478 0.04527797 0.04318876 0.09281522 0.06280427 0.06243272 0.06122343 0.06307199 0.08229778 0.06055586 0.06001270 0.05946089 0.06274707 0.06520679 0.06313922 0.06184450 0.09480788 0.07944759 0.05837237 0.05358130 0.05855051 0.06420954 0.03371712 0.04763239 0.04595387 0.04367524 0.04047615 0.04243389 0.00522019 0.06172688 0.04299076 0.04426184 0.04408223 0.04318811 0.04340691 0.06327120 0.04380850 0.07967918 
Cananga_kirkii                                                                                                         0.07331904 0.08565377 0.08508370 0.08541356 0.08516821 0.08536232 0.00000000 0.00405401 0.10054042 0.09157768 0.06378656 0.08571693 0.08718974 0.07354285 0.09922313 0.09043804 0.06504579 0.06477263 0.06330430 0.06534057 0.09505055 0.06292405 0.06265182 0.06138154 0.06387191 0.06752086 0.06621650 0.06390613 0.05423084 0.09224713 0.06032434 0.08041333 0.06011573 0.06573347 0.09032152 0.07543855 0.07448626 0.10054042 0.09823071 0.09926592 0.08399569 0.06373150 0.08647929 0.08895717 0.08844914 0.08698307 0.08750232 0.06504737 0.08899154 0.09194962 
Cananga_odorata_Abbott24307_2_assembled_to_Uvaria_afzelii_with_annotations__incl_from_Dogma__Copy_consensus            0.06718013 0.07924552 0.07857294 0.07848721 0.07877499 0.07911373 0.00405401 0.00000000 0.09354052 0.08608968 0.06303968 0.07909032 0.08094026 0.06869784 0.09457886 0.08408836 0.06206506 0.06162634 0.05972169 0.06060617 0.09019660 0.05890959 0.05879714 0.05762976 0.06052236 0.06440022 0.06075728 0.06110543 0.05334875 0.08646117 0.05783772 0.07517178 0.05698476 0.06221940 0.08465045 0.06961119 0.06820114 0.09354052 0.09296443 0.09489040 0.07770127 0.05975992 0.07964005 0.08099791 0.08124334 0.07998770 0.08053899 0.06176718 0.08125188 0.08655976 
Consensus_Annona_cherimola                                                                                             0.06130523 0.04336975 0.04282319 0.04330863 0.04326323 0.04367524 0.10054042 0.09354052 0.00000000 0.09299016 0.10558306 0.04336352 0.04490081 0.06210625 0.01188784 0.11047869 0.07899410 0.07911616 0.07751681 0.07947695 0.09600854 0.07772664 0.07689703 0.07547180 0.07881364 0.08099331 0.08001216 0.07812843 0.10982179 0.09380995 0.07472426 0.07049997 0.07458554 0.08065769 0.04896453 0.06529806 0.06317856 0.00000049 0.01693918 0.02298939 0.04216114 0.07798524 0.05808183 0.06076544 0.05930605 0.05781422 0.05808750 0.07948031 0.06038356 0.09429457 
Cymbopetalum_torulosum_Blanco2264_2_assembled_to_Uvaria_afzelii_with_annotations__incl_from_Dogma__Copy_consensus      0.06691701 0.07866493 0.07847943 0.07861325 0.07855875 0.07882129 0.09157768 0.08608968 0.09299016 0.00000000 0.09880783 0.07861630 0.08032718 0.06852975 0.09204704 0.09674104 0.07113484 0.07049177 0.06960664 0.07039582 0.02204684 0.06936628 0.06902349 0.06692313 0.07095217 0.07317345 0.07061881 0.07059686 0.10231613 0.03145952 0.06713084 0.07493017 0.06741233 0.07190268 0.08530194 0.07096857 0.06883467 0.09299016 0.09137003 0.09263002 0.07778235 0.06925316 0.07971101 0.08003129 0.08037284 0.07949782 0.07973547 0.07111436 0.08005103 0.03265509 
Deeringothamnus_pulchellus_Abbott23697_2_assembled_to_Uvaria_afzelii_with_annotations__incl_from_Dogma__Copy_consensus 0.08731837 0.09003524 0.09011491 0.09019631 0.09015571 0.09021162 0.06378656 0.06303968 0.10558306 0.09880783 0.00000000 0.09008252 0.09257355 0.08939020 0.10629938 0.09609690 0.08433473 0.08442777 0.08315537 0.08417303 0.09997506 0.08381668 0.08342463 0.08185456 0.08319094 0.08741312 0.08554960 0.08533783 0.09638153 0.09766717 0.08311391 0.09259518 0.08333178 0.08518543 0.09622059 0.09144664 0.08869519 0.10558306 0.10355005 0.11049648 0.09061078 0.08336451 0.09307634 0.09381514 0.09495899 0.09623780 0.09629189 0.08666540 0.09257643 0.09786470 
Deeringothamnus_rugelii_Abbott22361_2_assembled_to_Uvaria_afzelii_with_annotations__incl_from_Dogma__Copy_consensus    0.04466247 0.00248272 0.00291452 0.00188168 0.00194956 0.00258086 0.08571693 0.07909032 0.04336352 0.07861630 0.09008252 0.00000000 0.02350058 0.04531739 0.04280103 0.09287405 0.06298615 0.06258874 0.06168811 0.06371973 0.08189842 0.06056907 0.06012842 0.05972128 0.06278614 0.06530839 0.06369709 0.06176073 0.09452899 0.07883413 0.05860815 0.05362959 0.05840537 0.06435403 0.03393960 0.04754012 0.04598762 0.04336352 0.04019991 0.04224214 0.00526244 0.06203976 0.04329017 0.04458160 0.04425908 0.04323456 0.04338438 0.06337990 0.04406884 0.07914967 
Disepalum_pulchrum_Chan192_2_assembled_to_Uvaria_afzelii_with_annotations__incl_from_Dogma__Copy_consensus             0.04602569 0.02335558 0.02314370 0.02311068 0.02349488 0.02331478 0.08718974 0.08094026 0.04490081 0.08032718 0.09257355 0.02350058 0.00000000 0.04717499 0.04499963 0.09530130 0.06496146 0.06485443 0.06315204 0.06571417 0.08382832 0.06283838 0.06226519 0.06172429 0.06446922 0.06717842 0.06588099 0.06376150 0.09641680 0.08092651 0.06033220 0.05509159 0.06020321 0.06589612 0.03682010 0.04942797 0.04773560 0.04490081 0.04249743 0.04415763 0.02234295 0.06360671 0.04405637 0.04538813 0.04536944 0.04426865 0.04435630 0.06562411 0.04508943 0.08179531 
Fusaea_peruviana_Abbott19140_2_assembled_to_Uvaria_afzelii_with_annotations__incl_from_Dogma__Copy_consensus           0.03163304 0.04506425 0.04496115 0.04529332 0.04501623 0.04527797 0.07354285 0.06869784 0.06210625 0.06852975 0.08939020 0.04531739 0.04717499 0.00000000 0.06112445 0.08044225 0.05343403 0.05257334 0.05092606 0.05257148 0.07188925 0.05086202 0.05057564 0.04893477 0.05215555 0.05532173 0.05276107 0.05242542 0.08528257 0.06864156 0.04903802 0.04275901 0.04855100 0.05364791 0.05328883 0.01412823 0.02143746 0.06210625 0.05934568 0.06124628 0.04432376 0.05134039 0.04596299 0.04705984 0.04756549 0.04624773 0.04616859 0.05322856 0.04676908 0.06959826 
Raimondia_quinduensis_Abbott25012_2_assembled_to_Uvaria_afzelii_with_annotations__incl_from_Dogma__Copy_consensus      0.06110644 0.04286998 0.04251685 0.04243707 0.04276251 0.04318876 0.09922313 0.09457886 0.01188784 0.09204704 0.10629938 0.04280103 0.04499963 0.06112445 0.00000000 0.10871690 0.07843908 0.07849858 0.07693906 0.07847419 0.09453087 0.07709513 0.07695122 0.07528691 0.07778316 0.08063843 0.07896613 0.07813157 0.11197951 0.09261358 0.07452949 0.06980395 0.07436665 0.07991633 0.04934690 0.06423092 0.06214647 0.01188784 0.01848436 0.02537474 0.04186881 0.07716403 0.05727502 0.05875705 0.05837438 0.05689463 0.05681158 0.07943729 0.05942573 0.09311409 
S1_Anaxagorea_phaeocarpa_Mart._vel_aff.                                                                                0.07999375 0.09284176 0.09227279 0.09269011 0.09267073 0.09281522 0.09043804 0.08408836 0.11047869 0.09674104 0.09609690 0.09287405 0.09530130 0.08044225 0.10871690 0.00000000 0.07294693 0.07208125 0.07083372 0.07357189 0.10240827 0.07023745 0.07034704 0.06850100 0.07215937 0.07589947 0.07258339 0.07312725 0.09968625 0.10011986 0.06828594 0.08726055 0.06721854 0.07358297 0.09881593 0.08297081 0.08151405 0.11047869 0.10663187 0.10742055 0.09173539 0.07053869 0.09378107 0.09641260 0.09463379 0.09407832 0.09487735 0.07371200 0.09578614 0.10084994 
S10_S10_R_001_assembled_to_Uvaria_afzelii_with_annotations__incl_from_Dogma__Copy_consensus                            0.05063061 0.06260753 0.06229126 0.06239810 0.06256805 0.06280427 0.06504579 0.06206506 0.07899410 0.07113484 0.08433473 0.06298615 0.06496146 0.05343403 0.07843908 0.07294693 0.00000000 0.01887259 0.01773217 0.01755185 0.07480321 0.01738349 0.01755771 0.01525879 0.01764941 0.02292815 0.01892148 0.02084574 0.08024719 0.07104771 0.01724449 0.05938688 0.01807944 0.02146220 0.06969275 0.05459028 0.05199905 0.07899410 0.07683895 0.07864903 0.06167213 0.01670783 0.06355573 0.06535774 0.06521186 0.06386298 0.06439388 0.02305038 0.06587415 0.07197407 
S11_S11_R_001_assembled_to_Uvaria_afzelii_with_annotations__incl_from_Dogma__Copy_consensus                            0.05026184 0.06234619 0.06216509 0.06221972 0.06227691 0.06243272 0.06477263 0.06162634 0.07911616 0.07049177 0.08442777 0.06258874 0.06485443 0.05257334 0.07849858 0.07208125 0.01887259 0.00000000 0.01754612 0.01443473 0.07385374 0.01394963 0.01459662 0.01535274 0.01433601 0.02286672 0.01908969 0.02097483 0.08013360 0.07048701 0.01683107 0.05897346 0.01835696 0.02121941 0.06970318 0.05382601 0.05152864 0.07911616 0.07667572 0.07863746 0.06174413 0.01325872 0.06332523 0.06476139 0.06505015 0.06395794 0.06443749 0.02297898 0.06496440 0.07157759 
S12_S12_R_001_assembled_to_Uvaria_afzelii_with_annotations__incl_from_Dogma__Copy_consensus                            0.04856309 0.06119362 0.06076260 0.06114409 0.06126528 0.06122343 0.06330430 0.05972169 0.07751681 0.06960664 0.08315537 0.06168811 0.06315204 0.05092606 0.07693906 0.07083372 0.01773217 0.01754612 0.00000000 0.01601584 0.07313358 0.01513801 0.01542513 0.01383883 0.01636756 0.02197765 0.01715361 0.01934064 0.07790596 0.06935386 0.00646506 0.05682510 0.01574282 0.01989378 0.06776131 0.05237117 0.04981972 0.07751681 0.07551925 0.07687834 0.06019374 0.01535047 0.06209624 0.06313952 0.06350669 0.06236611 0.06303011 0.02200104 0.06355658 0.07001617 
S13_Oxandra_macrophylla                                                                                                0.05075108 0.06309836 0.06281750 0.06322288 0.06315552 0.06307199 0.06534057 0.06060617 0.07947695 0.07039582 0.08417303 0.06371973 0.06571417 0.05257148 0.07847419 0.07357189 0.01755185 0.01443473 0.01601584 0.00000000 0.07389941 0.01008214 0.01061069 0.01444888 0.01071388 0.02168948 0.01848853 0.01937758 0.07774891 0.07052840 0.01547141 0.05880909 0.01696229 0.01999253 0.07045390 0.05399922 0.05210659 0.07947695 0.07750865 0.07836857 0.06240613 0.00977040 0.06357332 0.06594649 0.06546386 0.06440832 0.06472272 0.02206072 0.06643370 0.07107686 
S14_S14_R_001_assembled_to_Uvaria_afzelii_with_annotations__incl_from_Dogma__Copy_consensus                            0.06986535 0.08205498 0.08176540 0.08187929 0.08207016 0.08229778 0.09505055 0.09019660 0.09600854 0.02204684 0.09997506 0.08189842 0.08382832 0.07188925 0.09453087 0.10240827 0.07480321 0.07385374 0.07313358 0.07389941 0.00000000 0.07273273 0.07275832 0.07096305 0.07406224 0.07674049 0.07499375 0.07421474 0.10490698 0.03381745 0.07098111 0.07790326 0.07102488 0.07582368 0.08908217 0.07396561 0.07176129 0.09600854 0.09398119 0.09538253 0.08108982 0.07253049 0.08219523 0.08330141 0.08363755 0.08261845 0.08301010 0.07537431 0.08284545 0.03444398 
S15_S15_R_001_assembled_to_Uvaria_afzelii_with_annotations__incl_from_Dogma__Copy_consensus                            0.04831282 0.06050295 0.06020873 0.06028397 0.06045663 0.06055586 0.06292405 0.05890959 0.07772664 0.06936628 0.08381668 0.06056907 0.06283838 0.05086202 0.07709513 0.07023745 0.01738349 0.01394963 0.01513801 0.01008214 0.07273273 0.00000000 0.00860777 0.01359429 0.00971481 0.02130182 0.01691617 0.01864047 0.07696739 0.06845105 0.01487157 0.05696626 0.01622100 0.01887625 0.06806904 0.05186756 0.04950968 0.07772664 0.07525850 0.07685084 0.05962317 0.00906567 0.06187475 0.06261586 0.06318103 0.06251959 0.06289102 0.02110165 0.06319438 0.06945037 
S16_S16_R_001_assembled_to_Uvaria_afzelii_with_annotations__incl_from_Dogma__Copy_consensus                            0.04854345 0.06005867 0.05958267 0.05980410 0.05967321 0.06001270 0.06265182 0.05879714 0.07689703 0.06902349 0.08342463 0.06012842 0.06226519 0.05057564 0.07695122 0.07034704 0.01755771 0.01459662 0.01542513 0.01061069 0.07275832 0.00860777 0.00000000 0.01376100 0.01026919 0.02146105 0.01718300 0.01908222 0.07698923 0.06854594 0.01495247 0.05658753 0.01588244 0.01945774 0.06758378 0.05209430 0.04949207 0.07689703 0.07502947 0.07670898 0.05899446 0.00950561 0.06128284 0.06283230 0.06265692 0.06187734 0.06260165 0.02094169 0.06291962 0.06912402 
S17_S17_R_001_assembled_to_Uvaria_afzelii_with_annotations__incl_from_Dogma__Copy_consensus                            0.04700822 0.05938622 0.05902476 0.05928893 0.05932778 0.05946089 0.06138154 0.05762976 0.07547180 0.06692313 0.08185456 0.05972128 0.06172429 0.04893477 0.07528691 0.06850100 0.01525879 0.01535274 0.01383883 0.01444888 0.07096305 0.01359429 0.01376100 0.00000000 0.01404957 0.01956358 0.01151370 0.01674109 0.07590217 0.06681252 0.01316642 0.05516103 0.01031975 0.01765628 0.06631481 0.05058171 0.04815061 0.07547180 0.07313546 0.07530865 0.05823162 0.01308970 0.06028081 0.06170879 0.06184055 0.06072956 0.06122813 0.01914115 0.06195146 0.06775934 
S18_S18_R_001_assembled_to_Uvaria_afzelii_with_annotations__incl_from_Dogma__Copy_consensus                            0.04994789 0.06251968 0.06214220 0.06218418 0.06239643 0.06274707 0.06387191 0.06052236 0.07881364 0.07095217 0.08319094 0.06278614 0.06446922 0.05215555 0.07778316 0.07215937 0.01764941 0.01433601 0.01636756 0.01071388 0.07406224 0.00971481 0.01026919 0.01404957 0.00000000 0.02237172 0.01722100 0.02005673 0.07803176 0.07048149 0.01575903 0.05833807 0.01660605 0.02031908 0.06916503 0.05338518 0.05126828 0.07881364 0.07675619 0.07817404 0.06125947 0.00955522 0.06278934 0.06506340 0.06466165 0.06338006 0.06377101 0.02249737 0.06512655 0.07081914 
S19_S19_R_001_assembled_to_Uvaria_afzelii_with_annotations__incl_from_Dogma__Copy_consensus                            0.05270254 0.06507697 0.06490307 0.06489611 0.06513639 0.06520679 0.06752086 0.06440022 0.08099331 0.07317345 0.08741312 0.06530839 0.06717842 0.05532173 0.08063843 0.07589947 0.02292815 0.02286672 0.02197765 0.02168948 0.07674049 0.02130182 0.02146105 0.01956358 0.02237172 0.00000000 0.02301032 0.01332922 0.08165479 0.07345806 0.02138039 0.06111461 0.02192807 0.01330619 0.07201342 0.05603784 0.05409150 0.08099331 0.07917153 0.08069950 0.06432955 0.02085508 0.06625671 0.06740425 0.06777111 0.06679162 0.06731996 0.00568027 0.06799422 0.07442230 
S2_Cremastosperma_leiophyllum                                                                                          0.05092314 0.06340915 0.06321722 0.06364984 0.06338574 0.06313922 0.06621650 0.06075728 0.08001216 0.07061881 0.08554960 0.06369709 0.06588099 0.05276107 0.07896613 0.07258339 0.01892148 0.01908969 0.01715361 0.01848853 0.07499375 0.01691617 0.01718300 0.01151370 0.01722100 0.02301032 0.00000000 0.02033803 0.07832172 0.07083895 0.01650714 0.05873678 0.00552161 0.02059809 0.07076501 0.05472917 0.05204150 0.08001216 0.07753939 0.07820800 0.06276447 0.01720037 0.06445866 0.06622342 0.06595814 0.06532644 0.06567144 0.02215133 0.06632635 0.07152535 
S20_S20_R_001_assembled_to_Uvaria_afzelii_with_annotations__incl_from_Dogma__Copy_consensus                            0.04975093 0.06168172 0.06138630 0.06140372 0.06144252 0.06184450 0.06390613 0.06110543 0.07812843 0.07059686 0.08533783 0.06176073 0.06376150 0.05242542 0.07813157 0.07312725 0.02084574 0.02097483 0.01934064 0.01937758 0.07421474 0.01864047 0.01908222 0.01674109 0.02005673 0.01332922 0.02033803 0.00000000 0.07928327 0.07031844 0.01898557 0.05813693 0.01967020 0.00476881 0.06843136 0.05352574 0.05113306 0.07812843 0.07630238 0.07823166 0.06098216 0.01859111 0.06318411 0.06405406 0.06442279 0.06374795 0.06426978 0.01336256 0.06436968 0.07140641 
S21_S21_R_001_assembled_to_Uvaria_afzelii_with_annotations__incl_from_Dogma__Copy_consensus                            0.08338993 0.09499269 0.09451889 0.09417499 0.09410519 0.09480788 0.05423084 0.05334875 0.10982179 0.10231613 0.09638153 0.09452899 0.09641680 0.08528257 0.11197951 0.09968625 0.08024719 0.08013360 0.07790596 0.07774891 0.10490698 0.07696739 0.07698923 0.07590217 0.07803176 0.08165479 0.07832172 0.07928327 0.00000000 0.10206665 0.07655977 0.09238588 0.07514377 0.07954888 0.10210567 0.08453974 0.08409816 0.10982179 0.11066288 0.11117481 0.09451955 0.07777133 0.09548124 0.09586445 0.09750964 0.09701266 0.09663720 0.08016379 0.09603661 0.10217235 
S22_S22_R_001_assembled_to_Uvaria_afzelii_with_annotations__incl_from_Dogma__Copy_consensus                            0.06707493 0.07914684 0.07871506 0.07882877 0.07917991 0.07944759 0.09224713 0.08646117 0.09380995 0.03145952 0.09766717 0.07883413 0.08092651 0.06864156 0.09261358 0.10011986 0.07104771 0.07048701 0.06935386 0.07052840 0.03381745 0.06845105 0.06854594 0.06681252 0.07048149 0.07345806 0.07083895 0.07031844 0.10206665 0.00000000 0.06657288 0.07458282 0.06717529 0.07209508 0.08530911 0.07137029 0.06903395 0.09380995 0.09064025 0.09176246 0.07780781 0.06908326 0.07945544 0.08069954 0.08018310 0.07926676 0.07990436 0.07174434 0.08081192 0.01195871 
S23_S23_R_001_assembled_to_Uvaria_afzelii_with_annotations__incl_from_Dogma__Copy_consensus                            0.04605834 0.05841691 0.05783811 0.05832864 0.05832120 0.05837237 0.06032434 0.05783772 0.07472426 0.06713084 0.08311391 0.05860815 0.06033220 0.04903802 0.07452949 0.06828594 0.01724449 0.01683107 0.00646506 0.01547141 0.07098111 0.01487157 0.01495247 0.01316642 0.01575903 0.02138039 0.01650714 0.01898557 0.07655977 0.06657288 0.00000000 0.05449325 0.01540101 0.01887942 0.06521550 0.04993732 0.04754025 0.07472426 0.07298781 0.07492912 0.05749250 0.01486102 0.05967879 0.06077644 0.06076200 0.06033470 0.06097855 0.02104011 0.06094171 0.06783017 
S24_S24_R_001_assembled_to_Uvaria_afzelii_with_annotations__incl_from_Dogma__Copy_consensus                            0.03571904 0.05358190 0.05330777 0.05333933 0.05352283 0.05358130 0.08041333 0.07517178 0.07049997 0.07493017 0.09259518 0.05362959 0.05509159 0.04275901 0.06980395 0.08726055 0.05938688 0.05897346 0.05682510 0.05880909 0.07790326 0.05696626 0.05658753 0.05516103 0.05833807 0.06111461 0.05873678 0.05813693 0.09238588 0.07458282 0.05449325 0.00000000 0.05388952 0.05953638 0.06056633 0.04365508 0.04207601 0.07049997 0.06728698 0.06877422 0.05255535 0.05754926 0.05355073 0.05543728 0.05529598 0.05411969 0.05438896 0.05906046 0.05464928 0.07563165 
S3_S3_R_001_assembled_to_Uvaria_afzelii_with_annotations__incl_from_Dogma__Copy_consensus                              0.04609989 0.05844658 0.05814139 0.05845401 0.05853911 0.05855051 0.06011573 0.05698476 0.07458554 0.06741233 0.08333178 0.05840537 0.06020321 0.04855100 0.07436665 0.06721854 0.01807944 0.01835696 0.01574282 0.01696229 0.07102488 0.01622100 0.01588244 0.01031975 0.01660605 0.02192807 0.00552161 0.01967020 0.07514377 0.06717529 0.01540101 0.05388952 0.00000000 0.01996737 0.06606122 0.04983200 0.04734509 0.07458554 0.07299967 0.07425851 0.05768269 0.01598122 0.05942082 0.06082022 0.06068181 0.06010826 0.06062987 0.02123145 0.06074523 0.06796679 
S4_S4_R_001_assembled_to_Uvaria_afzelii_with_annotations__incl_from_Dogma__Copy_consensus                              0.05126071 0.06388184 0.06363222 0.06400372 0.06415023 0.06420954 0.06573347 0.06221940 0.08065769 0.07190268 0.08518543 0.06435403 0.06589612 0.05364791 0.07991633 0.07358297 0.02146220 0.02121941 0.01989378 0.01999253 0.07582368 0.01887625 0.01945774 0.01765628 0.02031908 0.01330619 0.02059809 0.00476881 0.07954888 0.07209508 0.01887942 0.05953638 0.01996737 0.00000000 0.07023745 0.05485130 0.05270081 0.08065769 0.07799952 0.07984110 0.06281703 0.01886612 0.06493737 0.06596564 0.06627779 0.06531889 0.06591156 0.01355741 0.06651989 0.07303598 
S5_S5_R_001_assembled_to_Uvaria_afzelii_with_annotations__incl_from_Dogma__Copy_consensus                              0.05220249 0.03388638 0.03338754 0.03367609 0.03378398 0.03371712 0.09032152 0.08465045 0.04896453 0.08530194 0.09622059 0.03393960 0.03682010 0.05328883 0.04934690 0.09881593 0.06969275 0.06970318 0.06776131 0.07045390 0.08908217 0.06806904 0.06758378 0.06631481 0.06916503 0.07201342 0.07076501 0.06843136 0.10210567 0.08530911 0.06521550 0.06056633 0.06606122 0.07023745 0.00000000 0.05577104 0.05394295 0.04896453 0.04651800 0.04803776 0.03288485 0.06859080 0.04952299 0.05065197 0.05072727 0.05008970 0.05020956 0.07068076 0.05054272 0.08579533 
S6_S6_R_001_assembled_to_Uvaria_afzelii_with_annotations__incl_from_Dogma__Copy_consensus                              0.03198827 0.04747017 0.04718692 0.04737689 0.04745974 0.04763239 0.07543855 0.06961119 0.06529806 0.07096857 0.09144664 0.04754012 0.04942797 0.01412823 0.06423092 0.08297081 0.05459028 0.05382601 0.05237117 0.05399922 0.07396561 0.05186756 0.05209430 0.05058171 0.05338518 0.05603784 0.05472917 0.05352574 0.08453974 0.07137029 0.04993732 0.04365508 0.04983200 0.05485130 0.05577104 0.00000000 0.02070096 0.06529806 0.06158239 0.06274741 0.04621999 0.05248408 0.04785310 0.04964275 0.04968891 0.04809005 0.04835154 0.05477971 0.04964609 0.07169660 
S7_S7_R_001_assembled_to_Uvaria_afzelii_with_annotations__incl_from_Dogma__Copy_consensus                              0.03125645 0.04581579 0.04541580 0.04551770 0.04567829 0.04595387 0.07448626 0.06820114 0.06317856 0.06883467 0.08869519 0.04598762 0.04773560 0.02143746 0.06214647 0.08151405 0.05199905 0.05152864 0.04981972 0.05210659 0.07176129 0.04950968 0.04949207 0.04815061 0.05126828 0.05409150 0.05204150 0.05113306 0.08409816 0.06903395 0.04754025 0.04207601 0.04734509 0.05270081 0.05394295 0.02070096 0.00000000 0.06317856 0.05935280 0.06059575 0.04449423 0.05035910 0.04598647 0.04775240 0.04793583 0.04696939 0.04729364 0.05289203 0.04814466 0.06958617 
S86_Annona_cherimola                                                                                                   0.06130523 0.04336975 0.04282319 0.04330863 0.04326323 0.04367524 0.10054042 0.09354052 0.00000049 0.09299016 0.10558306 0.04336352 0.04490081 0.06210625 0.01188784 0.11047869 0.07899410 0.07911616 0.07751681 0.07947695 0.09600854 0.07772664 0.07689703 0.07547180 0.07881364 0.08099331 0.08001216 0.07812843 0.10982179 0.09380995 0.07472426 0.07049997 0.07458554 0.08065769 0.04896453 0.06529806 0.06317856 0.00000000 0.01693918 0.02298939 0.04216114 0.07798524 0.05808183 0.06076544 0.05930605 0.05781422 0.05808750 0.07948031 0.06038356 0.09429457 
S87_TCTCGCGC-CAGGACGT_L002_R_001_assembled_to_Uvaria_afzelii_with_annotations__incl_from_Dogma__Copy_consensus         0.05844553 0.04037438 0.03970599 0.03999550 0.04012100 0.04047615 0.09823071 0.09296443 0.01693918 0.09137003 0.10355005 0.04019991 0.04249743 0.05934568 0.01848436 0.10663187 0.07683895 0.07667572 0.07551925 0.07750865 0.09398119 0.07525850 0.07502947 0.07313546 0.07675619 0.07917153 0.07753939 0.07630238 0.11066288 0.09064025 0.07298781 0.06728698 0.07299967 0.07799952 0.04651800 0.06158239 0.05935280 0.01693918 0.00000000 0.02200019 0.03880878 0.07615611 0.05514791 0.05602882 0.05610864 0.05505561 0.05496424 0.07777437 0.05619763 0.09136109 
S88_TCTCGCGC-GTACTGAC_L002_R_001_assembled_to_Uvaria_afzelii_with_annotations__incl_from_Dogma__Copy_consensus         0.05971576 0.04247282 0.04202842 0.04215020 0.04213057 0.04243389 0.09926592 0.09489040 0.02298939 0.09263002 0.11049648 0.04224214 0.04415763 0.06124628 0.02537474 0.10742055 0.07864903 0.07863746 0.07687834 0.07836857 0.09538253 0.07685084 0.07670898 0.07530865 0.07817404 0.08069950 0.07820800 0.07823166 0.11117481 0.09176246 0.07492912 0.06877422 0.07425851 0.07984110 0.04803776 0.06274741 0.06059575 0.02298939 0.02200019 0.00000000 0.04121229 0.07753786 0.05645176 0.05714956 0.05755874 0.05682938 0.05674378 0.07929337 0.05690202 0.09252125 
S89_AGCGATAG-TATAGCCT_L002_R_001_assembled_to_Uvaria_afzelii_with_annotations__incl_from_Dogma__Copy_consensus         0.04322734 0.00503203 0.00522496 0.00516589 0.00513025 0.00522019 0.08399569 0.07770127 0.04216114 0.07778235 0.09061078 0.00526244 0.02234295 0.04432376 0.04186881 0.09173539 0.06167213 0.06174413 0.06019374 0.06240613 0.08108982 0.05962317 0.05899446 0.05823162 0.06125947 0.06432955 0.06276447 0.06098216 0.09451955 0.07780781 0.05749250 0.05255535 0.05768269 0.06281703 0.03288485 0.04621999 0.04449423 0.04216114 0.03880878 0.04121229 0.00000000 0.06043941 0.04147072 0.04264705 0.04233983 0.04189188 0.04222319 0.06236930 0.04222128 0.07814054 
S8_S8_R_001_assembled_to_Uvaria_afzelii_with_annotations__incl_from_Dogma__Copy_consensus                              0.04892742 0.06174858 0.06156905 0.06151934 0.06157598 0.06172688 0.06373150 0.05975992 0.07798524 0.06925316 0.08336451 0.06203976 0.06360671 0.05134039 0.07716403 0.07053869 0.01670783 0.01325872 0.01535047 0.00977040 0.07253049 0.00906567 0.00950561 0.01308970 0.00955522 0.02085508 0.01720037 0.01859111 0.07777133 0.06908326 0.01486102 0.05754926 0.01598122 0.01886612 0.06859080 0.05248408 0.05035910 0.07798524 0.07615611 0.07753786 0.06043941 0.00000000 0.06246848 0.06442633 0.06421472 0.06294290 0.06347544 0.02094850 0.06473783 0.06977573 
S90_AGCGATAG-ATAGAGGC_L002_R_001_assembled_to_Uvaria_afzelii_with_annotations__incl_from_Dogma__Copy_consensus         0.04424443 0.04258125 0.04268264 0.04275922 0.04253596 0.04299076 0.08647929 0.07964005 0.05808183 0.07971101 0.09307634 0.04329017 0.04405637 0.04596299 0.05727502 0.09378107 0.06355573 0.06332523 0.06209624 0.06357332 0.08219523 0.06187475 0.06128284 0.06028081 0.06278934 0.06625671 0.06445866 0.06318411 0.09548124 0.07945544 0.05967879 0.05355073 0.05942082 0.06493737 0.04952299 0.04785310 0.04598647 0.05808183 0.05514791 0.05645176 0.04147072 0.06246848 0.00000000 0.03316635 0.01527318 0.01465600 0.01466695 0.06466692 0.03326491 0.08000415 
S91_AGCGATAG-CCTATCCT_L002_R_001_assembled_to_Uvaria_afzelii_with_annotations__incl_from_Dogma__Copy_consensus         0.04595877 0.04383752 0.04381477 0.04426650 0.04400635 0.04426184 0.08895717 0.08099791 0.06076544 0.08003129 0.09381514 0.04458160 0.04538813 0.04705984 0.05875705 0.09641260 0.06535774 0.06476139 0.06313952 0.06594649 0.08330141 0.06261586 0.06283230 0.06170879 0.06506340 0.06740425 0.06622342 0.06405406 0.09586445 0.08069954 0.06077644 0.05543728 0.06082022 0.06596564 0.05065197 0.04964275 0.04775240 0.06076544 0.05602882 0.05714956 0.04264705 0.06442633 0.03316635 0.00000000 0.03494653 0.03398872 0.03385811 0.06583176 0.01397541 0.08116233 
S92_AGCGATAG-GGCTCTGA_L002_R_001_assembled_to_Uvaria_afzelii_with_annotations__incl_from_Dogma__Copy_consensus         0.04628828 0.04363863 0.04357298 0.04380384 0.04350368 0.04408223 0.08844914 0.08124334 0.05930605 0.08037284 0.09495899 0.04425908 0.04536944 0.04756549 0.05837438 0.09463379 0.06521186 0.06505015 0.06350669 0.06546386 0.08363755 0.06318103 0.06265692 0.06184055 0.06466165 0.06777111 0.06595814 0.06442279 0.09750964 0.08018310 0.06076200 0.05529598 0.06068181 0.06627779 0.05072727 0.04968891 0.04793583 0.05930605 0.05610864 0.05755874 0.04233983 0.06421472 0.01527318 0.03494653 0.00000000 0.00366659 0.00427437 0.06605314 0.03489248 0.08078344 
S93_AGCGATAG-AGGCGAAG_L002_R_001_assembled_to_Uvaria_afzelii_with_annotations__incl_from_Dogma__Copy_consensus         0.04537320 0.04279350 0.04271327 0.04282313 0.04243172 0.04318811 0.08698307 0.07998770 0.05781422 0.07949782 0.09623780 0.04323456 0.04426865 0.04624773 0.05689463 0.09407832 0.06386298 0.06395794 0.06236611 0.06440832 0.08261845 0.06251959 0.06187734 0.06072956 0.06338006 0.06679162 0.06532644 0.06374795 0.09701266 0.07926676 0.06033470 0.05411969 0.06010826 0.06531889 0.05008970 0.04809005 0.04696939 0.05781422 0.05505561 0.05682938 0.04189188 0.06294290 0.01465600 0.03398872 0.00366659 0.00000000 0.00276227 0.06541285 0.03353246 0.07990650 
S94_AGCGATAG-TAATCTTA_L002_R2_001_assembled_to_Uvaria_afzelii_with_annotations__incl_from_Dogma__Copy_consensus        0.04540344 0.04309867 0.04288847 0.04312082 0.04262833 0.04340691 0.08750232 0.08053899 0.05808750 0.07973547 0.09629189 0.04338438 0.04435630 0.04616859 0.05681158 0.09487735 0.06439388 0.06443749 0.06303011 0.06472272 0.08301010 0.06289102 0.06260165 0.06122813 0.06377101 0.06731996 0.06567144 0.06426978 0.09663720 0.07990436 0.06097855 0.05438896 0.06062987 0.06591156 0.05020956 0.04835154 0.04729364 0.05808750 0.05496424 0.05674378 0.04222319 0.06347544 0.01466695 0.03385811 0.00427437 0.00276227 0.00000000 0.06557864 0.03345638 0.08066725 
S95_AGCGATAG-CAGGACGT_L002_R2_001_assembled_to_Uvaria_afzelii_with_annotations__incl_from_Dogma__Copy_consensus        0.05106450 0.06327843 0.06305295 0.06323743 0.06318431 0.06327120 0.06504737 0.06176718 0.07948031 0.07111436 0.08666540 0.06337990 0.06562411 0.05322856 0.07943729 0.07371200 0.02305038 0.02297898 0.02200104 0.02206072 0.07537431 0.02110165 0.02094169 0.01914115 0.02249737 0.00568027 0.02215133 0.01336256 0.08016379 0.07174434 0.02104011 0.05906046 0.02123145 0.01355741 0.07068076 0.05477971 0.05289203 0.07948031 0.07777437 0.07929337 0.06236930 0.02094850 0.06466692 0.06583176 0.06605314 0.06541285 0.06557864 0.00000000 0.06599672 0.07235745 
S96_AGCGATAG-GTACTGAC_L002_R_001_assembled_to_Uvaria_afzelii_with_annotations__incl_from_Dogma__Copy_consensus         0.04590699 0.04316331 0.04320781 0.04362617 0.04347306 0.04380850 0.08899154 0.08125188 0.06038356 0.08005103 0.09257643 0.04406884 0.04508943 0.04676908 0.05942573 0.09578614 0.06587415 0.06496440 0.06355658 0.06643370 0.08284545 0.06319438 0.06291962 0.06195146 0.06512655 0.06799422 0.06632635 0.06436968 0.09603661 0.08081192 0.06094171 0.05464928 0.06074523 0.06651989 0.05054272 0.04964609 0.04814466 0.06038356 0.05619763 0.05690202 0.04222128 0.06473783 0.03326491 0.01397541 0.03489248 0.03353246 0.03345638 0.06599672 0.00000000 0.08113792 
S9_S9_R_001_assembled_to_Uvaria_afzelii_with_annotations__incl_from_Dogma__Copy_consensus                              0.06745389 0.07938533 0.07900561 0.07907796 0.07929168 0.07967918 0.09194962 0.08655976 0.09429457 0.03265509 0.09786470 0.07914967 0.08179531 0.06959826 0.09311409 0.10084994 0.07197407 0.07157759 0.07001617 0.07107686 0.03444398 0.06945037 0.06912402 0.06775934 0.07081914 0.07442230 0.07152535 0.07140641 0.10217235 0.01195871 0.06783017 0.07563165 0.06796679 0.07303598 0.08579533 0.07169660 0.06958617 0.09429457 0.09136109 0.09252125 0.07814054 0.06977573 0.08000415 0.08116233 0.08078344 0.07990650 0.08066725 0.07235745 0.08113792 0.00000000 
